        (-2.28543761269849741E-005,0.0000000000000000)
        (-2.67362508910109555E-005,0.0000000000000000)
        (-3.69436886376801524E-005,0.0000000000000000)
        (-2.30262528092240346E-005,0.0000000000000000)
        (-3.78679801976210156E-005,0.0000000000000000)
        (-1.21573451716973515E-004,0.0000000000000000)
               (0.0000000000000000,0.0000000000000000)
               (0.0000000000000000,0.0000000000000000)
               (0.0000000000000000,0.0000000000000000)
  (-1.42412892356390334E-005,1.74405492781569960E-021)
               (0.0000000000000000,0.0000000000000000)
               (0.0000000000000000,0.0000000000000000)
               (0.0000000000000000,0.0000000000000000)
               (0.0000000000000000,0.0000000000000000)
        (-1.42412896528978834E-005,0.0000000000000000)
         (1.50965501097278941E-005,0.0000000000000000)
         (1.33872496872249489E-005,0.0000000000000000)
         (6.19198237281722096E-006,0.0000000000000000)
               (0.0000000000000000,0.0000000000000000)
               (0.0000000000000000,0.0000000000000000)
        (-2.33972995820748116E-005,0.0000000000000000)
               (0.0000000000000000,0.0000000000000000)
               (0.0000000000000000,0.0000000000000000)
               (0.0000000000000000,0.0000000000000000)
  (-8.10150108059963660E-006,9.92147736664516867E-022)
               (0.0000000000000000,0.0000000000000000)
               (0.0000000000000000,0.0000000000000000)
  (-3.32676011070766426E-005,4.07410612110923562E-021)
         (2.80419632526057412E-021,0.0000000000000000)
         (5.80906878958481137E-021,0.0000000000000000)
               (0.0000000000000000,0.0000000000000000)
               (0.0000000000000000,0.0000000000000000)
        (-8.10150147821800164E-006,0.0000000000000000)
               (0.0000000000000000,0.0000000000000000)
               (0.0000000000000000,0.0000000000000000)
        (-3.32676061327364693E-005,0.0000000000000000)
         (2.18690063206226482E-005,0.0000000000000000)
         (3.22609439701400440E-005,0.0000000000000000)
         (3.29582452067366346E-005,0.0000000000000000)
               (0.0000000000000000,0.0000000000000000)
               (0.0000000000000000,0.0000000000000000)
        (-1.52706654340142547E-005,0.0000000000000000)
               (0.0000000000000000,0.0000000000000000)
               (0.0000000000000000,0.0000000000000000)
        (-8.04762501982736320E-005,0.0000000000000000)
        (-1.01410780492162988E-005,0.0000000000000000)
        (-1.50611794514102392E-005,0.0000000000000000)
        (-1.88722285874077354E-005,0.0000000000000000)
               (0.0000000000000000,0.0000000000000000)
         (3.00070550674020408E-006,0.0000000000000000)
         (3.70695423529446332E-006,0.0000000000000000)
               (0.0000000000000000,0.0000000000000000)
         (1.60619068898329250E-005,0.0000000000000000)
         (1.19139330143731901E-005,0.0000000000000000)
        (-2.28543761269849741E-005,0.0000000000000000)
        (-1.50611794514102392E-005,0.0000000000000000)
        (-2.25630702715678723E-005,0.0000000000000000)
        (-3.12127036857079958E-005,0.0000000000000000)
               (0.0000000000000000,0.0000000000000000)
         (3.07988269850985122E-006,0.0000000000000000)
         (5.75375038413339529E-006,0.0000000000000000)
               (0.0000000000000000,0.0000000000000000)
         (2.03353612583236818E-005,0.0000000000000000)
         (1.90136139871420351E-005,0.0000000000000000)
        (-2.67362508910109555E-005,0.0000000000000000)
        (-3.69436886376801524E-005,0.0000000000000000)
        (-1.88722285874077354E-005,0.0000000000000000)
        (-3.12127036857079958E-005,0.0000000000000000)
        (-1.07804585043514461E-004,0.0000000000000000)
               (0.0000000000000000,0.0000000000000000)
         (6.76372491653914250E-007,0.0000000000000000)
         (4.91507032888423347E-006,0.0000000000000000)
               (0.0000000000000000,0.0000000000000000)
         (9.80070378332930427E-006,0.0000000000000000)
         (2.70237914075171757E-005,0.0000000000000000)
        (-2.30262528092240346E-005,0.0000000000000000)
        (-3.78679801976210156E-005,0.0000000000000000)
        (-1.21573451716973515E-004,0.0000000000000000)
               (0.0000000000000000,0.0000000000000000)
               (0.0000000000000000,0.0000000000000000)
               (0.0000000000000000,0.0000000000000000)
  (-7.54176967007818118E-007,9.23600408636783308E-023)
               (0.0000000000000000,0.0000000000000000)
               (0.0000000000000000,0.0000000000000000)
  (-3.11880192718415386E-006,3.81943079730067067E-022)
               (0.0000000000000000,0.0000000000000000)
               (0.0000000000000000,0.0000000000000000)
               (0.0000000000000000,0.0000000000000000)
               (0.0000000000000000,0.0000000000000000)
               (0.0000000000000000,0.0000000000000000)
  (-1.42412892356390334E-005,1.74405492781569960E-021)
        (-3.00070550674020408E-006,0.0000000000000000)
        (-3.07988269850985122E-006,0.0000000000000000)
        (-6.76372491653914250E-007,0.0000000000000000)
               (0.0000000000000000,0.0000000000000000)
         (3.67777979365923180E-006,0.0000000000000000)
         (1.70771577410728860E-006,0.0000000000000000)
               (0.0000000000000000,0.0000000000000000)
         (2.83561755052493886E-006,0.0000000000000000)
         (1.88521502040331201E-006,0.0000000000000000)
               (0.0000000000000000,0.0000000000000000)
               (0.0000000000000000,0.0000000000000000)
               (0.0000000000000000,0.0000000000000000)
               (0.0000000000000000,0.0000000000000000)
        (-1.42412896528978834E-005,0.0000000000000000)
         (3.70695423529446332E-006,0.0000000000000000)
         (5.75375038413339529E-006,0.0000000000000000)
         (4.91507032888423347E-006,0.0000000000000000)
               (0.0000000000000000,0.0000000000000000)
        (-1.70771577410728860E-006,0.0000000000000000)
        (-1.23905245817378918E-006,0.0000000000000000)
               (0.0000000000000000,0.0000000000000000)
        (-9.72022212647665141E-006,0.0000000000000000)
        (-5.87868597574303063E-006,0.0000000000000000)
         (1.50965501097278941E-005,0.0000000000000000)
         (1.33872496872249489E-005,0.0000000000000000)
         (6.19198237281722096E-006,0.0000000000000000)
               (0.0000000000000000,0.0000000000000000)
               (0.0000000000000000,0.0000000000000000)
        (-2.33972995820748116E-005,0.0000000000000000)
               (0.0000000000000000,0.0000000000000000)
               (0.0000000000000000,0.0000000000000000)
               (0.0000000000000000,0.0000000000000000)
  (-3.11880192718415386E-006,3.81943079730067067E-022)
               (0.0000000000000000,0.0000000000000000)
               (0.0000000000000000,0.0000000000000000)
  (-1.88160922341059161E-005,2.30430671269591797E-021)
               (0.0000000000000000,0.0000000000000000)
               (0.0000000000000000,0.0000000000000000)
               (0.0000000000000000,0.0000000000000000)
               (0.0000000000000000,0.0000000000000000)
               (0.0000000000000000,0.0000000000000000)
  (-8.10150108059963660E-006,9.92147736664516867E-022)
               (0.0000000000000000,0.0000000000000000)
               (0.0000000000000000,0.0000000000000000)
  (-3.32676011070766426E-005,4.07410612110923562E-021)
        (-1.60619068898329250E-005,0.0000000000000000)
        (-2.03353612583236818E-005,0.0000000000000000)
        (-9.80070378332930427E-006,0.0000000000000000)
               (0.0000000000000000,0.0000000000000000)
         (2.83561755052493886E-006,0.0000000000000000)
         (9.72022212647665141E-006,0.0000000000000000)
               (0.0000000000000000,0.0000000000000000)
         (2.62941795227034928E-006,0.0000000000000000)
         (1.82389382749748364E-005,0.0000000000000000)
        (-2.80419632526057412E-021,0.0000000000000000)
        (-5.80906878958481137E-021,0.0000000000000000)
               (0.0000000000000000,0.0000000000000000)
               (0.0000000000000000,0.0000000000000000)
        (-8.10150147821800164E-006,0.0000000000000000)
               (0.0000000000000000,0.0000000000000000)
               (0.0000000000000000,0.0000000000000000)
        (-3.32676061327364693E-005,0.0000000000000000)
         (1.19139330143731901E-005,0.0000000000000000)
         (1.90136139871420351E-005,0.0000000000000000)
         (2.70237914075171757E-005,0.0000000000000000)
               (0.0000000000000000,0.0000000000000000)
        (-1.88521502040331201E-006,0.0000000000000000)
        (-5.87868597574303063E-006,0.0000000000000000)
               (0.0000000000000000,0.0000000000000000)
        (-1.82389382749748364E-005,0.0000000000000000)
        (-4.55172148274794595E-005,0.0000000000000000)
         (2.18690063206226482E-005,0.0000000000000000)
         (3.22609439701400440E-005,0.0000000000000000)
         (3.29582452067366346E-005,0.0000000000000000)
               (0.0000000000000000,0.0000000000000000)
               (0.0000000000000000,0.0000000000000000)
        (-1.52706654340142547E-005,0.0000000000000000)
               (0.0000000000000000,0.0000000000000000)
               (0.0000000000000000,0.0000000000000000)
        (-8.04762501982736320E-005,0.0000000000000000)
        (-8.58256195326689754E-008,0.0000000000000000)
        (-9.34781922659151081E-008,0.0000000000000000)
        (-4.16806416362790227E-008,0.0000000000000000)
               (0.0000000000000000,0.0000000000000000)
         (1.04967456647395715E-007,0.0000000000000000)
        (-9.07128464766570148E-008,0.0000000000000000)
               (0.0000000000000000,0.0000000000000000)
         (1.06983502940857034E-007,0.0000000000000000)
        (-1.05103456326106372E-007,0.0000000000000000)
        (-8.58256195326689754E-008,0.0000000000000000)
        (-9.34781922659151081E-008,0.0000000000000000)
        (-4.16806416362790227E-008,0.0000000000000000)
               (0.0000000000000000,0.0000000000000000)
        (-1.04967456647395715E-007,0.0000000000000000)
        (-9.07128464766570148E-008,0.0000000000000000)
               (0.0000000000000000,0.0000000000000000)
        (-1.06983502940857034E-007,0.0000000000000000)
        (-1.05103456326106372E-007,0.0000000000000000)
        (-8.39697272466235666E-007,0.0000000000000000)
        (-5.88301071917276832E-006,0.0000000000000000)
        (-7.04613957452825883E-006,0.0000000000000000)
        (-5.24156621827017131E-006,0.0000000000000000)
               (0.0000000000000000,0.0000000000000000)
         (2.75456991423766281E-006,0.0000000000000000)
         (1.39460653186016157E-006,0.0000000000000000)
               (0.0000000000000000,0.0000000000000000)
         (5.27390999968510648E-006,0.0000000000000000)
        (-3.00983549799611443E-006,0.0000000000000000)
        (-5.88301071917276832E-006,0.0000000000000000)
        (-7.04613957452825883E-006,0.0000000000000000)
        (-5.24156621827017131E-006,0.0000000000000000)
               (0.0000000000000000,0.0000000000000000)
        (-2.75456991423766281E-006,0.0000000000000000)
         (1.39460653186016157E-006,0.0000000000000000)
               (0.0000000000000000,0.0000000000000000)
        (-5.27390999968510648E-006,0.0000000000000000)
        (-3.00983549799611443E-006,0.0000000000000000)
        (-1.92795786227164409E-007,0.0000000000000000)
        (-7.56717510999724108E-006,0.0000000000000000)
        (-8.49612708014097745E-006,0.0000000000000000)
        (-1.03465150096396679E-005,0.0000000000000000)
        (-8.01706035805157441E-006,0.0000000000000000)
               (0.0000000000000000,0.0000000000000000)
         (3.26231025433470784E-006,0.0000000000000000)
         (2.82746104495278519E-006,0.0000000000000000)
               (0.0000000000000000,0.0000000000000000)
         (7.35744214361920665E-006,0.0000000000000000)
        (-3.62960692256686861E-006,0.0000000000000000)
        (-8.49612708014097745E-006,0.0000000000000000)
        (-1.03465150096396679E-005,0.0000000000000000)
        (-8.01706035805157441E-006,0.0000000000000000)
               (0.0000000000000000,0.0000000000000000)
        (-3.26231025433470784E-006,0.0000000000000000)
         (2.82746104495278519E-006,0.0000000000000000)
               (0.0000000000000000,0.0000000000000000)
        (-7.35744214361920665E-006,0.0000000000000000)
        (-3.62960692256686861E-006,0.0000000000000000)
        (-2.93702004002335117E-007,0.0000000000000000)
        (-8.98674357723724871E-006,0.0000000000000000)
        (-1.16135746021614386E-005,0.0000000000000000)
        (-1.96114268123360191E-005,0.0000000000000000)
        (-2.95653691598754072E-005,0.0000000000000000)
        (-4.82227441779034365E-005,0.0000000000000000)
               (0.0000000000000000,0.0000000000000000)
         (1.36538826592471326E-006,0.0000000000000000)
         (6.68858111525782921E-006,0.0000000000000000)
               (0.0000000000000000,0.0000000000000000)
         (1.01914261302924018E-005,0.0000000000000000)
         (9.46573246536608530E-006,0.0000000000000000)
        (-1.96114268123360191E-005,0.0000000000000000)
        (-2.95653691598754072E-005,0.0000000000000000)
        (-4.82227441779034365E-005,0.0000000000000000)
               (0.0000000000000000,0.0000000000000000)
        (-1.36538826592471326E-006,0.0000000000000000)
         (6.68858111525782921E-006,0.0000000000000000)
               (0.0000000000000000,0.0000000000000000)
        (-1.01914261302924018E-005,0.0000000000000000)
         (9.46573246536608530E-006,0.0000000000000000)
        (-1.04786912278984326E-007,0.0000000000000000)
        (-8.90054700467118932E-006,0.0000000000000000)
        (-1.31791016897827510E-005,0.0000000000000000)
        (-4.27545224189617866E-005,0.0000000000000000)
               (0.0000000000000000,0.0000000000000000)
               (0.0000000000000000,0.0000000000000000)
               (0.0000000000000000,0.0000000000000000)
  (-2.57647588120996326E-006,3.15527294100413756E-022)
               (0.0000000000000000,0.0000000000000000)
               (0.0000000000000000,0.0000000000000000)
  (-5.55629158260633140E-006,6.80449470176822476E-022)
               (0.0000000000000000,0.0000000000000000)
               (0.0000000000000000,0.0000000000000000)
               (0.0000000000000000,0.0000000000000000)
               (0.0000000000000000,0.0000000000000000)
               (0.0000000000000000,0.0000000000000000)
  (-2.57647588120996326E-006,3.15527294100413756E-022)
               (0.0000000000000000,0.0000000000000000)
               (0.0000000000000000,0.0000000000000000)
  (-5.55629158260633140E-006,6.80449470176822476E-022)
               (0.0000000000000000,0.0000000000000000)
               (0.0000000000000000,0.0000000000000000)
               (0.0000000000000000,0.0000000000000000)
               (0.0000000000000000,0.0000000000000000)
               (0.0000000000000000,0.0000000000000000)
               (0.0000000000000000,0.0000000000000000)
  (-5.69859473071538635E-006,6.97876579660857087E-022)
        (-3.35161695449855905E-006,0.0000000000000000)
        (-2.74083211963396247E-006,0.0000000000000000)
        (-6.66117048043027021E-007,0.0000000000000000)
               (0.0000000000000000,0.0000000000000000)
         (5.75841583852076206E-008,0.0000000000000000)
         (1.29705219915870684E-006,0.0000000000000000)
               (0.0000000000000000,0.0000000000000000)
        (-3.37506398215045220E-006,0.0000000000000000)
        (-1.11561310228764778E-006,0.0000000000000000)
         (3.35161695449855905E-006,0.0000000000000000)
         (2.74083211963396247E-006,0.0000000000000000)
         (6.66117048043027021E-007,0.0000000000000000)
               (0.0000000000000000,0.0000000000000000)
         (5.75841583852076206E-008,0.0000000000000000)
        (-1.29705219915870684E-006,0.0000000000000000)
               (0.0000000000000000,0.0000000000000000)
        (-3.37506398215045220E-006,0.0000000000000000)
         (1.11561310228764778E-006,0.0000000000000000)
               (0.0000000000000000,0.0000000000000000)
               (0.0000000000000000,0.0000000000000000)
               (0.0000000000000000,0.0000000000000000)
               (0.0000000000000000,0.0000000000000000)
               (0.0000000000000000,0.0000000000000000)
        (-5.69859501336839704E-006,0.0000000000000000)
         (4.19794427282160984E-006,0.0000000000000000)
         (2.81924859056846829E-006,0.0000000000000000)
        (-9.15870408282544257E-007,0.0000000000000000)
               (0.0000000000000000,0.0000000000000000)
        (-3.65359272551979810E-006,0.0000000000000000)
        (-5.73407315168138844E-006,0.0000000000000000)
               (0.0000000000000000,0.0000000000000000)
        (-2.32420377837121098E-006,0.0000000000000000)
        (-1.51087672492779642E-005,0.0000000000000000)
         (4.19794427282160984E-006,0.0000000000000000)
         (2.81924859056846829E-006,0.0000000000000000)
        (-9.15870408282544257E-007,0.0000000000000000)
               (0.0000000000000000,0.0000000000000000)
         (3.65359272551979810E-006,0.0000000000000000)
        (-5.73407315168138844E-006,0.0000000000000000)
               (0.0000000000000000,0.0000000000000000)
         (2.32420377837121098E-006,0.0000000000000000)
        (-1.51087672492779642E-005,0.0000000000000000)
        (-3.48571802594601276E-007,0.0000000000000000)
        (-3.78114802058595475E-006,0.0000000000000000)
        (-4.27267837432022704E-006,0.0000000000000000)
        (-3.99448277299232812E-006,0.0000000000000000)
               (0.0000000000000000,0.0000000000000000)
               (0.0000000000000000,0.0000000000000000)
        (-1.58878847472333641E-005,0.0000000000000000)
               (0.0000000000000000,0.0000000000000000)
               (0.0000000000000000,0.0000000000000000)
               (0.0000000000000000,0.0000000000000000)
  (-4.33409660231357826E-006,5.30773753121874236E-022)
               (0.0000000000000000,0.0000000000000000)
               (0.0000000000000000,0.0000000000000000)
  (-1.05738205599058272E-005,1.29491955034471445E-021)
               (0.0000000000000000,0.0000000000000000)
               (0.0000000000000000,0.0000000000000000)
               (0.0000000000000000,0.0000000000000000)
               (0.0000000000000000,0.0000000000000000)
               (0.0000000000000000,0.0000000000000000)
  (-4.33409660231357826E-006,5.30773753121874236E-022)
               (0.0000000000000000,0.0000000000000000)
               (0.0000000000000000,0.0000000000000000)
  (-1.05738205599058272E-005,1.29491955034471445E-021)
               (0.0000000000000000,0.0000000000000000)
               (0.0000000000000000,0.0000000000000000)
               (0.0000000000000000,0.0000000000000000)
               (0.0000000000000000,0.0000000000000000)
               (0.0000000000000000,0.0000000000000000)
               (0.0000000000000000,0.0000000000000000)
  (-7.64274770874444662E-006,9.35966651820465471E-022)
               (0.0000000000000000,0.0000000000000000)
               (0.0000000000000000,0.0000000000000000)
  (-1.26933406170907582E-005,1.55448589572072855E-021)
        (-6.03241278712288410E-006,0.0000000000000000)
        (-5.26240495862247032E-006,0.0000000000000000)
        (-1.34216099793591244E-006,0.0000000000000000)
               (0.0000000000000000,0.0000000000000000)
        (-8.36261696135836460E-007,0.0000000000000000)
         (3.53876668392981629E-006,0.0000000000000000)
               (0.0000000000000000,0.0000000000000000)
        (-6.58900147603476032E-006,0.0000000000000000)
        (-1.75536682574591225E-006,0.0000000000000000)
         (6.03241278712288410E-006,0.0000000000000000)
         (5.26240495862247032E-006,0.0000000000000000)
         (1.34216099793591244E-006,0.0000000000000000)
               (0.0000000000000000,0.0000000000000000)
        (-8.36261696135836460E-007,0.0000000000000000)
        (-3.53876668392981629E-006,0.0000000000000000)
               (0.0000000000000000,0.0000000000000000)
        (-6.58900147603476032E-006,0.0000000000000000)
         (1.75536682574591225E-006,0.0000000000000000)
               (0.0000000000000000,0.0000000000000000)
               (0.0000000000000000,0.0000000000000000)
               (0.0000000000000000,0.0000000000000000)
               (0.0000000000000000,0.0000000000000000)
               (0.0000000000000000,0.0000000000000000)
        (-7.64274821698495373E-006,0.0000000000000000)
               (0.0000000000000000,0.0000000000000000)
               (0.0000000000000000,0.0000000000000000)
        (-1.26933415992013777E-005,0.0000000000000000)
         (8.35126110591064918E-006,0.0000000000000000)
         (6.66358547830797618E-006,0.0000000000000000)
        (-1.09353563374446993E-006,0.0000000000000000)
               (0.0000000000000000,0.0000000000000000)
        (-4.95278766564587435E-006,0.0000000000000000)
        (-1.05641721999235345E-005,0.0000000000000000)
               (0.0000000000000000,0.0000000000000000)
        (-5.38659102416737780E-006,0.0000000000000000)
        (-2.82301326420213382E-005,0.0000000000000000)
         (8.35126110591064918E-006,0.0000000000000000)
         (6.66358547830797618E-006,0.0000000000000000)
        (-1.09353563374446993E-006,0.0000000000000000)
               (0.0000000000000000,0.0000000000000000)
         (4.95278766564587435E-006,0.0000000000000000)
        (-1.05641721999235345E-005,0.0000000000000000)
               (0.0000000000000000,0.0000000000000000)
         (5.38659102416737780E-006,0.0000000000000000)
        (-2.82301326420213382E-005,0.0000000000000000)
        (-7.46454120290889544E-008,0.0000000000000000)
        (-3.87610090952932767E-006,0.0000000000000000)
        (-5.14315002439045606E-006,0.0000000000000000)
        (-6.37850048228580994E-006,0.0000000000000000)
               (0.0000000000000000,0.0000000000000000)
               (0.0000000000000000,0.0000000000000000)
        (-2.19564120093315365E-005,0.0000000000000000)
               (0.0000000000000000,0.0000000000000000)
               (0.0000000000000000,0.0000000000000000)
        (-3.68721249574106250E-005,0.0000000000000000)
               (0.0000000000000000,0.0000000000000000)
               (0.0000000000000000,0.0000000000000000)
               (0.0000000000000000,0.0000000000000000)
  (-3.11037494440405807E-006,3.80911071981255681E-022)
               (0.0000000000000000,0.0000000000000000)
               (0.0000000000000000,0.0000000000000000)
  (-2.59122898250739425E-005,3.17334027928553321E-021)
               (0.0000000000000000,0.0000000000000000)
               (0.0000000000000000,0.0000000000000000)
               (0.0000000000000000,0.0000000000000000)
               (0.0000000000000000,0.0000000000000000)
               (0.0000000000000000,0.0000000000000000)
  (-3.11037494440405807E-006,3.80911071981255681E-022)
               (0.0000000000000000,0.0000000000000000)
               (0.0000000000000000,0.0000000000000000)
  (-2.59122898250739425E-005,3.17334027928553321E-021)
               (0.0000000000000000,0.0000000000000000)
               (0.0000000000000000,0.0000000000000000)
               (0.0000000000000000,0.0000000000000000)
               (0.0000000000000000,0.0000000000000000)
               (0.0000000000000000,0.0000000000000000)
               (0.0000000000000000,0.0000000000000000)
  (-5.80147280562324238E-006,7.10475510174691754E-022)
               (0.0000000000000000,0.0000000000000000)
               (0.0000000000000000,0.0000000000000000)
  (-1.13937994616862328E-005,1.39533800408808784E-021)
               (0.0000000000000000,0.0000000000000000)
               (0.0000000000000000,0.0000000000000000)
  (-4.91484086319191255E-005,6.01894413142659037E-021)
        (-1.04478120961097704E-005,0.0000000000000000)
        (-1.47733947931903308E-005,0.0000000000000000)
        (-1.26087917409113545E-005,0.0000000000000000)
               (0.0000000000000000,0.0000000000000000)
        (-2.32278023561926156E-006,0.0000000000000000)
         (4.50219160759527062E-006,0.0000000000000000)
               (0.0000000000000000,0.0000000000000000)
        (-2.10812037873913539E-005,0.0000000000000000)
         (5.83735682497403228E-006,0.0000000000000000)
         (1.04478120961097704E-005,0.0000000000000000)
         (1.47733947931903308E-005,0.0000000000000000)
         (1.26087917409113545E-005,0.0000000000000000)
               (0.0000000000000000,0.0000000000000000)
        (-2.32278023561926156E-006,0.0000000000000000)
        (-4.50219160759527062E-006,0.0000000000000000)
               (0.0000000000000000,0.0000000000000000)
        (-2.10812037873913539E-005,0.0000000000000000)
        (-5.83735682497403228E-006,0.0000000000000000)
               (0.0000000000000000,0.0000000000000000)
               (0.0000000000000000,0.0000000000000000)
               (0.0000000000000000,0.0000000000000000)
               (0.0000000000000000,0.0000000000000000)
               (0.0000000000000000,0.0000000000000000)
        (-5.80147347637346719E-006,0.0000000000000000)
               (0.0000000000000000,0.0000000000000000)
               (0.0000000000000000,0.0000000000000000)
        (-1.13938008732731090E-005,0.0000000000000000)
               (0.0000000000000000,0.0000000000000000)
               (0.0000000000000000,0.0000000000000000)
        (-4.91484239015815724E-005,0.0000000000000000)
         (1.70803791260397655E-005,0.0000000000000000)
         (2.51114948264787597E-005,0.0000000000000000)
         (1.58342104189250864E-005,0.0000000000000000)
               (0.0000000000000000,0.0000000000000000)
        (-1.07025612423301667E-006,0.0000000000000000)
        (-9.36426014181847397E-006,0.0000000000000000)
               (0.0000000000000000,0.0000000000000000)
        (-8.21743414859939278E-006,0.0000000000000000)
        (-7.36865792103806930E-005,0.0000000000000000)
         (1.70803791260397655E-005,0.0000000000000000)
         (2.51114948264787597E-005,0.0000000000000000)
         (1.58342104189250864E-005,0.0000000000000000)
               (0.0000000000000000,0.0000000000000000)
         (1.07025612423301667E-006,0.0000000000000000)
        (-9.36426014181847397E-006,0.0000000000000000)
               (0.0000000000000000,0.0000000000000000)
         (8.21743414859939278E-006,0.0000000000000000)
        (-7.36865792103806930E-005,0.0000000000000000)
        (-1.18813726372975228E-008,0.0000000000000000)
        (-1.82431120325678072E-006,0.0000000000000000)
        (-2.73906858679406494E-006,0.0000000000000000)
        (-1.00283005061971979E-005,0.0000000000000000)
               (0.0000000000000000,0.0000000000000000)
               (0.0000000000000000,0.0000000000000000)
        (-1.69785418457060454E-005,0.0000000000000000)
               (0.0000000000000000,0.0000000000000000)
               (0.0000000000000000,0.0000000000000000)
        (-3.34919601522047202E-005,0.0000000000000000)
               (0.0000000000000000,0.0000000000000000)
               (0.0000000000000000,0.0000000000000000)
        (-1.46237372005460334E-004,0.0000000000000000)
  (-1.39887502073537228E-006,1.71312781655076132E-022)
  (-1.72549128215074896E-006,2.11311737564257717E-022)
  (-1.05004404331787590E-006,1.28593307661298126E-022)
               (0.0000000000000000,0.0000000000000000)
  (9.85977054239291413E-007,-1.20747364350688439E-022)
  (-3.62096651703114606E-007,4.43440505490193230E-023)
               (0.0000000000000000,0.0000000000000000)
  (1.65010099057276779E-006,-2.02079089637481766E-022)
  (-1.48864992860721133E-006,1.82307037011975770E-022)
  (-1.39887502073537228E-006,1.71312781655076132E-022)
  (-1.72549128215074896E-006,2.11311737564257717E-022)
  (-1.05004404331787590E-006,1.28593307661298126E-022)
               (0.0000000000000000,0.0000000000000000)
  (-9.85977054239291413E-007,1.20747364350688439E-022)
  (-3.62096651703114606E-007,4.43440505490193230E-023)
               (0.0000000000000000,0.0000000000000000)
  (-1.65010099057276779E-006,2.02079089637481766E-022)
  (-1.48864992860721133E-006,1.82307037011975770E-022)
  (-1.15839096548167205E-007,1.41861978803834188E-023)
  (-3.14987175225065921E-006,3.85748035911843368E-022)
  (-3.37419965011519058E-006,4.13220280119768622E-022)
  (-2.13994022287542554E-006,2.62067094431106326E-022)
               (0.0000000000000000,0.0000000000000000)
               (0.0000000000000000,0.0000000000000000)
  (-1.52576625398800945E-006,1.86852475919346346E-022)
               (0.0000000000000000,0.0000000000000000)
               (0.0000000000000000,0.0000000000000000)
  (-1.32098450669157620E-006,1.61773944784308476E-022)
               (0.0000000000000000,0.0000000000000000)
               (0.0000000000000000,0.0000000000000000)
  (-3.96522491122017521E-007,4.85599999542513533E-023)
  (-3.41256553526630395E-006,8.35837491928890751E-022)
        (-1.82990430138491282E-006,0.0000000000000000)
        (-1.80490856016890938E-006,0.0000000000000000)
        (-1.05313411913443188E-006,0.0000000000000000)
               (0.0000000000000000,0.0000000000000000)
         (8.77732517455781531E-007,0.0000000000000000)
        (-7.66638350564702557E-007,0.0000000000000000)
               (0.0000000000000000,0.0000000000000000)
         (1.35741026755039268E-006,0.0000000000000000)
        (-1.57885799197654345E-006,0.0000000000000000)
        (-1.82990430138491282E-006,0.0000000000000000)
        (-1.80490856016890938E-006,0.0000000000000000)
        (-1.05313411913443188E-006,0.0000000000000000)
               (0.0000000000000000,0.0000000000000000)
        (-8.77732517455781531E-007,0.0000000000000000)
        (-7.66638350564702557E-007,0.0000000000000000)
               (0.0000000000000000,0.0000000000000000)
        (-1.35741026755039268E-006,0.0000000000000000)
        (-1.57885799197654345E-006,0.0000000000000000)
        (-1.15839097506857518E-007,0.0000000000000000)
        (-3.14987183169526423E-006,0.0000000000000000)
        (-3.37419974676318722E-006,0.0000000000000000)
        (-2.13994029500094804E-006,0.0000000000000000)
               (0.0000000000000000,0.0000000000000000)
               (0.0000000000000000,0.0000000000000000)
        (-1.52576628808946189E-006,0.0000000000000000)
               (0.0000000000000000,0.0000000000000000)
               (0.0000000000000000,0.0000000000000000)
        (-1.32098454522843429E-006,0.0000000000000000)
               (0.0000000000000000,0.0000000000000000)
               (0.0000000000000000,0.0000000000000000)
        (-3.96522504597470185E-007,0.0000000000000000)
  (-1.13752186553588336E-006,1.39306251158864586E-022)
        (-3.41256565794899961E-006,0.0000000000000000)
        (-4.46909185118090538E-006,0.0000000000000000)
        (-4.91139187219030231E-006,0.0000000000000000)
        (-2.94171094835783377E-006,0.0000000000000000)
               (0.0000000000000000,0.0000000000000000)
         (4.36009205784926601E-006,0.0000000000000000)
         (5.94532608691416691E-007,0.0000000000000000)
               (0.0000000000000000,0.0000000000000000)
         (4.72893263298834213E-006,0.0000000000000000)
        (-3.44127919146951586E-006,0.0000000000000000)
        (-4.46909185118090538E-006,0.0000000000000000)
        (-4.91139187219030231E-006,0.0000000000000000)
        (-2.94171094835783377E-006,0.0000000000000000)
               (0.0000000000000000,0.0000000000000000)
        (-4.36009205784926601E-006,0.0000000000000000)
         (5.94532608691416691E-007,0.0000000000000000)
               (0.0000000000000000,0.0000000000000000)
        (-4.72893263298834213E-006,0.0000000000000000)
        (-3.44127919146951586E-006,0.0000000000000000)
        (-2.64287615888637482E-007,0.0000000000000000)
        (-8.60288576704352561E-006,0.0000000000000000)
        (-9.32021096352350299E-006,0.0000000000000000)
        (-5.97949477622331663E-006,0.0000000000000000)
               (0.0000000000000000,0.0000000000000000)
               (0.0000000000000000,0.0000000000000000)
        (-4.57729886426838610E-006,0.0000000000000000)
               (0.0000000000000000,0.0000000000000000)
               (0.0000000000000000,0.0000000000000000)
        (-3.96295363568530265E-006,0.0000000000000000)
               (0.0000000000000000,0.0000000000000000)
               (0.0000000000000000,0.0000000000000000)
        (-1.18956751379241034E-006,0.0000000000000000)
  (-3.00993231182294224E-006,3.68610397132415975E-022)
        (-3.00993236592690070E-006,0.0000000000000000)
        (-1.46470285376124050E-005,0.0000000000000000)
               (0.0000000000000000,0.0000000000000000)
               (0.0000000000000000,0.0000000000000000)
               (0.0000000000000000,0.0000000000000000)
  (-1.04771580646392492E-006,1.28308180880213337E-022)
               (0.0000000000000000,0.0000000000000000)
               (0.0000000000000000,0.0000000000000000)
  (-3.40072813682817757E-007,4.16469082753697095E-023)
               (0.0000000000000000,0.0000000000000000)
               (0.0000000000000000,0.0000000000000000)
               (0.0000000000000000,0.0000000000000000)
               (0.0000000000000000,0.0000000000000000)
               (0.0000000000000000,0.0000000000000000)
  (1.04771580646392492E-006,-1.28308180880213337E-022)
               (0.0000000000000000,0.0000000000000000)
               (0.0000000000000000,0.0000000000000000)
  (3.40072813682817757E-007,-4.16469082753697095E-023)
               (0.0000000000000000,0.0000000000000000)
               (0.0000000000000000,0.0000000000000000)
               (0.0000000000000000,0.0000000000000000)
               (0.0000000000000000,0.0000000000000000)
               (0.0000000000000000,0.0000000000000000)
               (0.0000000000000000,0.0000000000000000)
               (0.0000000000000000,0.0000000000000000)
               (0.0000000000000000,0.0000000000000000)
               (0.0000000000000000,0.0000000000000000)
               (0.0000000000000000,0.0000000000000000)
               (0.0000000000000000,0.0000000000000000)
               (0.0000000000000000,0.0000000000000000)
               (0.0000000000000000,0.0000000000000000)
               (0.0000000000000000,0.0000000000000000)
               (0.0000000000000000,0.0000000000000000)
               (0.0000000000000000,0.0000000000000000)
               (0.0000000000000000,0.0000000000000000)
               (0.0000000000000000,0.0000000000000000)
  (-3.41256559660765072E-006,4.17918753476593757E-022)
               (0.0000000000000000,0.0000000000000000)
               (0.0000000000000000,0.0000000000000000)
               (0.0000000000000000,0.0000000000000000)
  (1.43711559077777232E-006,-1.75995900825075601E-022)
               (0.0000000000000000,0.0000000000000000)
               (0.0000000000000000,0.0000000000000000)
  (-1.82515081748189172E-007,2.23516510659037466E-023)
               (0.0000000000000000,0.0000000000000000)
               (0.0000000000000000,0.0000000000000000)
               (0.0000000000000000,0.0000000000000000)
               (0.0000000000000000,0.0000000000000000)
               (0.0000000000000000,0.0000000000000000)
  (1.43711559077777232E-006,-1.75995900825075601E-022)
               (0.0000000000000000,0.0000000000000000)
               (0.0000000000000000,0.0000000000000000)
  (-1.82515081748189172E-007,2.23516510659037466E-023)
               (0.0000000000000000,0.0000000000000000)
               (0.0000000000000000,0.0000000000000000)
               (0.0000000000000000,0.0000000000000000)
               (0.0000000000000000,0.0000000000000000)
               (0.0000000000000000,0.0000000000000000)
               (0.0000000000000000,0.0000000000000000)
  (-2.64270467238127253E-006,3.23637981812348085E-022)
               (0.0000000000000000,0.0000000000000000)
               (0.0000000000000000,0.0000000000000000)
  (-2.28801228160112015E-006,2.80200691707264471E-022)
               (0.0000000000000000,0.0000000000000000)
               (0.0000000000000000,0.0000000000000000)
  (-6.86797100967113524E-007,8.41083871363056973E-023)
               (0.0000000000000000,0.0000000000000000)
               (0.0000000000000000,0.0000000000000000)
               (0.0000000000000000,0.0000000000000000)
               (0.0000000000000000,0.0000000000000000)
               (0.0000000000000000,0.0000000000000000)
               (0.0000000000000000,0.0000000000000000)
  (-9.02979693546882843E-006,1.10583119139724807E-021)
         (7.17670303604009752E-007,0.0000000000000000)
        (-1.24760227023918506E-007,0.0000000000000000)
        (-4.89817863261191521E-008,0.0000000000000000)
               (0.0000000000000000,0.0000000000000000)
        (-1.17994881932417780E-006,0.0000000000000000)
        (-1.46968816893920532E-006,0.0000000000000000)
               (0.0000000000000000,0.0000000000000000)
        (-8.95648417061069942E-008,0.0000000000000000)
        (-1.05251567551217762E-006,0.0000000000000000)
        (-7.17670303604009752E-007,0.0000000000000000)
         (1.24760227023918506E-007,0.0000000000000000)
         (4.89817863261191521E-008,0.0000000000000000)
               (0.0000000000000000,0.0000000000000000)
        (-1.17994881932417780E-006,0.0000000000000000)
         (1.46968816893920532E-006,0.0000000000000000)
               (0.0000000000000000,0.0000000000000000)
        (-8.95648417061069942E-008,0.0000000000000000)
         (1.05251567551217762E-006,0.0000000000000000)
               (0.0000000000000000,0.0000000000000000)
               (0.0000000000000000,0.0000000000000000)
               (0.0000000000000000,0.0000000000000000)
               (0.0000000000000000,0.0000000000000000)
               (0.0000000000000000,0.0000000000000000)
        (-2.64270473144672055E-006,0.0000000000000000)
               (0.0000000000000000,0.0000000000000000)
               (0.0000000000000000,0.0000000000000000)
        (-2.28801234834891559E-006,0.0000000000000000)
               (0.0000000000000000,0.0000000000000000)
               (0.0000000000000000,0.0000000000000000)
        (-6.86797124307282145E-007,0.0000000000000000)
               (0.0000000000000000,0.0000000000000000)
               (0.0000000000000000,0.0000000000000000)
               (0.0000000000000000,0.0000000000000000)
               (0.0000000000000000,0.0000000000000000)
               (0.0000000000000000,0.0000000000000000)
               (0.0000000000000000,0.0000000000000000)
        (-9.02979709778070379E-006,0.0000000000000000)
  (-5.34132202145718873E-006,6.54123291679281661E-022)
  (-7.83764350593567991E-006,9.59834503240217013E-022)
  (-7.36853471164941431E-006,9.02385244902761958E-022)
               (0.0000000000000000,0.0000000000000000)
  (1.18105686795902609E-006,-1.44637751295701934E-022)
  (8.65922802522161045E-007,-1.06044958841746994E-022)
               (0.0000000000000000,0.0000000000000000)
  (5.52946467774533461E-006,-6.77164121859917273E-022)
  (-2.99637514559814900E-006,3.66950123110145712E-022)
  (-5.34132202145718873E-006,6.54123291679281661E-022)
  (-7.83764350593567991E-006,9.59834503240217013E-022)
  (-7.36853471164941431E-006,9.02385244902761958E-022)
               (0.0000000000000000,0.0000000000000000)
  (-1.18105686795902609E-006,1.44637751295701934E-022)
  (8.65922802522161045E-007,-1.06044958841746994E-022)
               (0.0000000000000000,0.0000000000000000)
  (-5.52946467774533461E-006,6.77164121859917273E-022)
  (-2.99637514559814900E-006,3.66950123110145712E-022)
  (-1.68352762130002123E-008,2.06172671270122713E-024)
  (-4.53579740994112314E-006,5.55474977966525222E-022)
  (-6.69645866263873266E-006,8.20079666682309044E-022)
  (-1.09623219818851419E-005,1.34249725263383077E-021)
               (0.0000000000000000,0.0000000000000000)
               (0.0000000000000000,0.0000000000000000)
  (-1.90858255031248469E-006,2.33733951114867628E-022)
               (0.0000000000000000,0.0000000000000000)
               (0.0000000000000000,0.0000000000000000)
  (-3.07268503286791628E-006,3.76295389028967310E-022)
               (0.0000000000000000,0.0000000000000000)
               (0.0000000000000000,0.0000000000000000)
  (-2.31965676439300536E-006,2.84076023163440046E-022)
  (-2.56693144522209752E-006,6.28716875604386360E-022)
  (-8.55643839102612331E-007,1.04786148876716735E-022)
  (-2.35988693101424770E-006,2.89002797641626976E-022)
               (0.0000000000000000,0.0000000000000000)
               (0.0000000000000000,0.0000000000000000)
               (0.0000000000000000,0.0000000000000000)
  (-1.06286761242483439E-005,2.60327483894692630E-021)
        (-7.63226640871586553E-006,0.0000000000000000)
        (-8.87614588425451522E-006,0.0000000000000000)
        (-7.44135117597518484E-006,0.0000000000000000)
               (0.0000000000000000,0.0000000000000000)
        (-1.60907537523587677E-006,0.0000000000000000)
         (2.61258892436196284E-006,0.0000000000000000)
               (0.0000000000000000,0.0000000000000000)
         (1.77208045895766306E-006,0.0000000000000000)
        (-3.50539107415122921E-006,0.0000000000000000)
        (-7.63226640871586553E-006,0.0000000000000000)
        (-8.87614588425451522E-006,0.0000000000000000)
        (-7.44135117597518484E-006,0.0000000000000000)
               (0.0000000000000000,0.0000000000000000)
         (1.60907537523587677E-006,0.0000000000000000)
         (2.61258892436196284E-006,0.0000000000000000)
               (0.0000000000000000,0.0000000000000000)
        (-1.77208045895766306E-006,0.0000000000000000)
        (-3.50539107415122921E-006,0.0000000000000000)
        (-1.68352757739399595E-008,0.0000000000000000)
        (-4.53579768987100846E-006,0.0000000000000000)
        (-6.69645911238871706E-006,0.0000000000000000)
        (-1.09623231182654299E-005,0.0000000000000000)
               (0.0000000000000000,0.0000000000000000)
               (0.0000000000000000,0.0000000000000000)
        (-1.90858266436995269E-006,0.0000000000000000)
               (0.0000000000000000,0.0000000000000000)
               (0.0000000000000000,0.0000000000000000)
        (-3.07268524841166912E-006,0.0000000000000000)
               (0.0000000000000000,0.0000000000000000)
               (0.0000000000000000,0.0000000000000000)
        (-2.31965701109737535E-006,0.0000000000000000)
  (-8.55643839102612331E-007,1.04786148876716735E-022)
        (-2.56693158939357605E-006,0.0000000000000000)
        (-2.35988699728566716E-006,0.0000000000000000)
               (0.0000000000000000,0.0000000000000000)
               (0.0000000000000000,0.0000000000000000)
               (0.0000000000000000,0.0000000000000000)
  (-3.54289226872192142E-006,4.33879167661420627E-022)
        (-1.06286774880832024E-005,0.0000000000000000)
        (-1.87942915071125059E-005,0.0000000000000000)
        (-2.46132481626870209E-005,0.0000000000000000)
        (-2.17490402303466297E-005,0.0000000000000000)
               (0.0000000000000000,0.0000000000000000)
         (6.44035356452787083E-006,0.0000000000000000)
         (1.12251415812020541E-005,0.0000000000000000)
               (0.0000000000000000,0.0000000000000000)
         (1.76894202152565220E-005,0.0000000000000000)
         (7.79112778257633818E-007,0.0000000000000000)
        (-1.87942915071125059E-005,0.0000000000000000)
        (-2.46132481626870209E-005,0.0000000000000000)
        (-2.17490402303466297E-005,0.0000000000000000)
               (0.0000000000000000,0.0000000000000000)
        (-6.44035356452787083E-006,0.0000000000000000)
         (1.12251415812020541E-005,0.0000000000000000)
               (0.0000000000000000,0.0000000000000000)
        (-1.76894202152565220E-005,0.0000000000000000)
         (7.79112778257633818E-007,0.0000000000000000)
        (-3.73652587074798953E-008,0.0000000000000000)
        (-1.30407059077015388E-005,0.0000000000000000)
        (-1.93605430988841980E-005,0.0000000000000000)
        (-3.20988474481320848E-005,0.0000000000000000)
               (0.0000000000000000,0.0000000000000000)
               (0.0000000000000000,0.0000000000000000)
        (-5.72574799310985933E-006,0.0000000000000000)
               (0.0000000000000000,0.0000000000000000)
               (0.0000000000000000,0.0000000000000000)
        (-9.21805574523500735E-006,0.0000000000000000)
               (0.0000000000000000,0.0000000000000000)
               (0.0000000000000000,0.0000000000000000)
        (-6.95897103329212647E-006,0.0000000000000000)
  (-2.35988693101424770E-006,2.89002797641626976E-022)
        (-2.35988699728566716E-006,0.0000000000000000)
        (-1.15923903943204239E-005,0.0000000000000000)
               (0.0000000000000000,0.0000000000000000)
               (0.0000000000000000,0.0000000000000000)
               (0.0000000000000000,0.0000000000000000)
  (-1.02260435492733472E-005,1.25232915005590442E-021)
        (-1.02260442053585340E-005,0.0000000000000000)
        (-5.07275877440679980E-005,0.0000000000000000)
               (0.0000000000000000,0.0000000000000000)
               (0.0000000000000000,0.0000000000000000)
               (0.0000000000000000,0.0000000000000000)
  (-4.47948167140191730E-006,5.48578289072159377E-022)
               (0.0000000000000000,0.0000000000000000)
               (0.0000000000000000,0.0000000000000000)
  (-4.06747361515736869E-006,4.98121854341878347E-022)
               (0.0000000000000000,0.0000000000000000)
               (0.0000000000000000,0.0000000000000000)
               (0.0000000000000000,0.0000000000000000)
               (0.0000000000000000,0.0000000000000000)
               (0.0000000000000000,0.0000000000000000)
  (4.47948167140191730E-006,-5.48578289072159377E-022)
               (0.0000000000000000,0.0000000000000000)
               (0.0000000000000000,0.0000000000000000)
  (4.06747361515736869E-006,-4.98121854341878347E-022)
               (0.0000000000000000,0.0000000000000000)
               (0.0000000000000000,0.0000000000000000)
               (0.0000000000000000,0.0000000000000000)
               (0.0000000000000000,0.0000000000000000)
               (0.0000000000000000,0.0000000000000000)
               (0.0000000000000000,0.0000000000000000)
               (0.0000000000000000,0.0000000000000000)
               (0.0000000000000000,0.0000000000000000)
               (0.0000000000000000,0.0000000000000000)
               (0.0000000000000000,0.0000000000000000)
               (0.0000000000000000,0.0000000000000000)
               (0.0000000000000000,0.0000000000000000)
               (0.0000000000000000,0.0000000000000000)
               (0.0000000000000000,0.0000000000000000)
               (0.0000000000000000,0.0000000000000000)
               (0.0000000000000000,0.0000000000000000)
               (0.0000000000000000,0.0000000000000000)
               (0.0000000000000000,0.0000000000000000)
  (-2.56693151730783742E-006,3.14358446630150206E-022)
               (0.0000000000000000,0.0000000000000000)
               (0.0000000000000000,0.0000000000000000)
               (0.0000000000000000,0.0000000000000000)
               (0.0000000000000000,0.0000000000000000)
               (0.0000000000000000,0.0000000000000000)
  (-1.06286768061657655E-005,1.30163750298426179E-021)
               (0.0000000000000000,0.0000000000000000)
               (0.0000000000000000,0.0000000000000000)
               (0.0000000000000000,0.0000000000000000)
  (6.38816987394092271E-006,-7.82325178853130120E-022)
               (0.0000000000000000,0.0000000000000000)
               (0.0000000000000000,0.0000000000000000)
  (5.03221218893437097E-006,-6.16268254980877182E-022)
               (0.0000000000000000,0.0000000000000000)
               (0.0000000000000000,0.0000000000000000)
               (0.0000000000000000,0.0000000000000000)
               (0.0000000000000000,0.0000000000000000)
               (0.0000000000000000,0.0000000000000000)
  (6.38816987394092271E-006,-7.82325178853130120E-022)
               (0.0000000000000000,0.0000000000000000)
               (0.0000000000000000,0.0000000000000000)
  (5.03221218893437097E-006,-6.16268254980877182E-022)
               (0.0000000000000000,0.0000000000000000)
               (0.0000000000000000,0.0000000000000000)
               (0.0000000000000000,0.0000000000000000)
               (0.0000000000000000,0.0000000000000000)
               (0.0000000000000000,0.0000000000000000)
               (0.0000000000000000,0.0000000000000000)
  (-3.30576194758060625E-006,4.04839078784770907E-022)
               (0.0000000000000000,0.0000000000000000)
               (0.0000000000000000,0.0000000000000000)
  (-5.32204659258367649E-006,6.51762732452067665E-022)
               (0.0000000000000000,0.0000000000000000)
               (0.0000000000000000,0.0000000000000000)
  (-4.01776337204951289E-006,4.92034105331191317E-022)
               (0.0000000000000000,0.0000000000000000)
               (0.0000000000000000,0.0000000000000000)
               (0.0000000000000000,0.0000000000000000)
               (0.0000000000000000,0.0000000000000000)
               (0.0000000000000000,0.0000000000000000)
               (0.0000000000000000,0.0000000000000000)
  (-7.07966079304274354E-006,8.67008392924880882E-022)
               (0.0000000000000000,0.0000000000000000)
               (0.0000000000000000,0.0000000000000000)
               (0.0000000000000000,0.0000000000000000)
               (0.0000000000000000,0.0000000000000000)
               (0.0000000000000000,0.0000000000000000)
  (-3.06781306478200432E-005,3.75698745016771326E-021)
         (5.43455206207735061E-006,0.0000000000000000)
         (2.03343958741472005E-006,0.0000000000000000)
        (-1.73198252240946226E-007,0.0000000000000000)
               (0.0000000000000000,0.0000000000000000)
         (5.03652868797181738E-007,0.0000000000000000)
        (-1.03649866113819438E-005,0.0000000000000000)
               (0.0000000000000000,0.0000000000000000)
         (3.01935587064632304E-006,0.0000000000000000)
        (-1.08639674831573537E-005,0.0000000000000000)
        (-5.43455206207735061E-006,0.0000000000000000)
        (-2.03343958741472005E-006,0.0000000000000000)
         (1.73198252240946226E-007,0.0000000000000000)
               (0.0000000000000000,0.0000000000000000)
         (5.03652868797181738E-007,0.0000000000000000)
         (1.03649866113819438E-005,0.0000000000000000)
               (0.0000000000000000,0.0000000000000000)
         (3.01935587064632304E-006,0.0000000000000000)
         (1.08639674831573537E-005,0.0000000000000000)
               (0.0000000000000000,0.0000000000000000)
               (0.0000000000000000,0.0000000000000000)
               (0.0000000000000000,0.0000000000000000)
               (0.0000000000000000,0.0000000000000000)
               (0.0000000000000000,0.0000000000000000)
        (-3.30576214513393621E-006,0.0000000000000000)
               (0.0000000000000000,0.0000000000000000)
               (0.0000000000000000,0.0000000000000000)
        (-5.32204696591640753E-006,0.0000000000000000)
               (0.0000000000000000,0.0000000000000000)
               (0.0000000000000000,0.0000000000000000)
        (-4.01776379935401696E-006,0.0000000000000000)
               (0.0000000000000000,0.0000000000000000)
               (0.0000000000000000,0.0000000000000000)
               (0.0000000000000000,0.0000000000000000)
               (0.0000000000000000,0.0000000000000000)
               (0.0000000000000000,0.0000000000000000)
               (0.0000000000000000,0.0000000000000000)
        (-7.07966099185700232E-006,0.0000000000000000)
               (0.0000000000000000,0.0000000000000000)
               (0.0000000000000000,0.0000000000000000)
               (0.0000000000000000,0.0000000000000000)
               (0.0000000000000000,0.0000000000000000)
               (0.0000000000000000,0.0000000000000000)
        (-3.06781326160756053E-005,0.0000000000000000)
