  (-2.77804328826759975E-023,1.99509243811903240E-023)
 (-3.18759639020644601E-023,-1.10581491372257835E-007)
  (-2.77804043190148887E-023,7.94093388050906568E-023)
 (-2.51801726995661140E-023,-1.69378516337892787E-007)
 (-3.16008506316363252E-023,-1.95137861368671681E-007)
 (-2.77804024381748270E-023,-7.94093388050906568E-023)
  (8.27508343576039546E-005,-5.06702722114062600E-021)
  (7.33814068104769279E-005,-4.49331524836901854E-021)
  (3.39409803448263245E-005,-2.07828564696073912E-021)
  (-1.38902023914316029E-022,1.85288457211878199E-022)
               (0.0000000000000000,0.0000000000000000)
               (0.0000000000000000,0.0000000000000000)
               (0.0000000000000000,0.0000000000000000)
               (0.0000000000000000,0.0000000000000000)
 (-2.77804048235604329E-023,-1.58818677610181314E-022)
  (1.27710712195873009E-023,-1.45821926430840043E-007)
  (5.53040966787413991E-024,-2.23945322231161341E-007)
  (6.99580644104316796E-025,-1.33930879456957408E-007)
  (-5.01881192784764675E-005,3.07313598148058813E-021)
               (0.0000000000000000,0.0000000000000000)
 (-2.77804048235604388E-023,-1.85288457211878199E-022)
  (1.19873651410824759E-004,-7.34014417511860509E-021)
  (1.76836438262312819E-004,-1.08281089045279937E-020)
  (1.80658659288692857E-004,-1.10621524418074967E-020)
 (-1.43827039389849509E-022,-4.29511144938235638E-007)
               (0.0000000000000000,0.0000000000000000)
  (-3.92973425315754979E-005,2.40626823731455368E-021)
  (-1.38902020954386553E-022,7.94093388050906568E-023)
  (1.70702630424374119E-039,-6.06277916106827726E-024)
  (4.28102729158226664E-039,-5.44416043504690235E-024)
               (0.0000000000000000,0.0000000000000000)
               (0.0000000000000000,0.0000000000000000)
 (-2.17520819610681914E-023,-1.43170382231640628E-007)
               (0.0000000000000000,0.0000000000000000)
               (0.0000000000000000,0.0000000000000000)
 (-2.77804044007133566E-023,-2.64697796016968856E-023)
   (3.41019429198094887E-023,4.35551886307828838E-008)
  (4.30224333440569128E-023,-5.47114076781764661E-008)
  (1.65037865918822521E-023,-5.04162847704987627E-007)
  (-3.92973425315754979E-005,2.40626823731455368E-021)
               (0.0000000000000000,0.0000000000000000)
 (-2.17520819610682032E-023,-1.43170382231640655E-007)
  (-2.58771362837484701E-004,1.58451760604961994E-020)
               (0.0000000000000000,0.0000000000000000)
 (-2.77804044007133507E-023,-5.29395592033937712E-023)
  (-1.05373586142766098E-023,1.99180611545511041E-023)
  (-1.05283920427476172E-023,4.97680242454938985E-008)
  (-3.64233701107041644E-024,1.37680913172035094E-007)
  (2.03194474446970568E-005,-1.24420731367955591E-021)
   (7.39875180831001798E-024,3.71924076722977534E-008)
   (8.55615949198704474E-024,5.27124697347797501E-008)
  (6.53055120632463370E-005,-3.99880931574667376E-021)
  (1.22587019334921013E-023,-6.48778785001486837E-008)
  (1.63043832316219006E-023,-1.34070934248847317E-008)
  (-2.77804328826759975E-023,1.99509243811903240E-023)
 (-1.66232172019608089E-023,-4.97680242454938257E-008)
  (-1.69666656995152871E-023,5.29395592033937712E-023)
  (-6.34949454977215157E-024,1.60842490488726002E-007)
  (3.15388378859431386E-005,-1.93119684329237660E-021)
   (8.37148172850741105E-024,5.68869232934934987E-008)
   (1.41641832428778629E-023,9.62502017902917647E-008)
  (1.04221989880170729E-004,-6.38175631537594434E-021)
   (1.73201899739268736E-023,1.90579545887704604E-008)
   (2.93050086649232430E-023,3.22452308664261065E-008)
 (-3.18759639020644601E-023,-1.10581491372257835E-007)
  (-2.77804043190148887E-023,7.94093388050906568E-023)
 (-2.05033859730521541E-023,-1.37680913172035015E-007)
 (-2.60470186641628284E-023,-1.60842490488725817E-007)
 (-2.46341180158426552E-023,-7.94093388050906568E-023)
  (2.69416634902657517E-005,-1.64970109785295293E-021)
   (1.95579435076215206E-024,1.53169634610844021E-008)
   (1.35747317658460456E-023,1.06311622369938819E-007)
  (1.48129304031680004E-004,-9.07030390211610048E-021)
   (9.24348791392911305E-024,5.95586669751548897E-008)
   (6.41569850958666860E-023,4.13383405164259994E-007)
 (-2.51801726995661140E-023,-1.69378516337892787E-007)
 (-3.16008506316363252E-023,-1.95137861368671681E-007)
 (-2.77804024381748270E-023,-7.94093388050906568E-023)
  (2.03194474446970568E-005,-1.24420731367955591E-021)
  (3.15388378859431386E-005,-1.93119684329237660E-021)
  (2.69416634902657517E-005,-1.64970109785295293E-021)
  (-7.35584436026979281E-024,8.27180612553027675E-024)
  (-9.36074159241731885E-006,5.73180111439968361E-022)
  (-2.65781580241667978E-006,1.62744280757642046E-022)
   (5.37905017409583692E-024,1.65347158909629419E-007)
  (-5.32808149935423234E-005,3.26250897689019514E-021)
  (-1.51281381562961024E-005,9.26331298508347968E-022)
  (8.27508343576039546E-005,-5.06702722114062600E-021)
  (7.33814068104769279E-005,-4.49331524836901854E-021)
  (3.39409803448263245E-005,-2.07828564696073912E-021)
  (-1.38902023914316029E-022,1.85288457211878199E-022)
  (-2.84399550746372763E-024,3.71924076722977600E-008)
  (-1.40484287603563194E-024,5.68869232934934722E-008)
  (-8.00073232347543377E-026,1.53169634610844087E-008)
  (9.36074159241731885E-006,-5.73180111439968361E-022)
   (7.17422466714409926E-024,3.97046694025453284E-023)
   (2.45470546809379499E-024,1.32348898008484428E-023)
  (1.03336931418011926E-005,-6.32756211473889196E-022)
  (1.47661634997013413E-024,-5.01112601982394401E-008)
  (8.80387925809403451E-025,-2.98773262442310396E-008)
               (0.0000000000000000,0.0000000000000000)
               (0.0000000000000000,0.0000000000000000)
               (0.0000000000000000,0.0000000000000000)
               (0.0000000000000000,0.0000000000000000)
 (-2.77804048235604329E-023,-1.58818677610181314E-022)
  (2.10074375840207150E-024,-5.27124697347797435E-008)
  (2.37693308890109962E-024,-9.62502017902917382E-008)
  (5.55312961095270207E-025,-1.06311622369938858E-007)
  (-2.65781580241667978E-006,1.62744280757642046E-022)
 (-2.45470546809379499E-024,-1.32348898008484428E-023)
 (-1.47116887420916468E-024,-8.27180612553027675E-024)
  (-1.51281381562961024E-005,9.26331298508347968E-022)
  (-4.53930512101727912E-024,1.54048341698978467E-007)
  (-1.62408154906888202E-024,5.51157198619645517E-008)
  (1.27710712195873009E-023,-1.45821926430840043E-007)
  (5.53040966787413991E-024,-2.23945322231161341E-007)
  (6.99580644104316796E-025,-1.33930879456957408E-007)
  (-5.01881192784764675E-005,3.07313598148058813E-021)
               (0.0000000000000000,0.0000000000000000)
 (-2.77804048235604388E-023,-1.85288457211878199E-022)
  (6.53055120632463370E-005,-3.99880931574667376E-021)
  (1.04221989880170729E-004,-6.38175631537594434E-021)
  (1.48129304031680004E-004,-9.07030390211610048E-021)
 (-5.53685104979400814E-023,-1.65347158909629313E-007)
  (-1.03336931418011926E-005,6.32756211473889196E-022)
  (-1.51281381562961024E-005,9.26331298508347968E-022)
  (-7.85627202084459856E-023,5.29395592033937712E-023)
  (-9.99756508060659977E-005,6.12174303761610868E-021)
  (-1.46360593149581184E-004,8.96200159609712907E-021)
  (1.19873651410824759E-004,-7.34014417511860509E-021)
  (1.76836438262312819E-004,-1.08281089045279937E-020)
  (1.80658659288692857E-004,-1.10621524418074967E-020)
 (-1.43827039389849509E-022,-4.29511144938235638E-007)
               (0.0000000000000000,0.0000000000000000)
  (-3.92973425315754979E-005,2.40626823731455368E-021)
  (-1.38902020954386553E-022,7.94093388050906568E-023)
 (-2.02039505575598908E-023,-6.48778785001486175E-008)
  (-1.49862636653835373E-023,1.90579545887705134E-008)
  (-1.94965482666845313E-024,5.95586669751548831E-008)
  (5.32808149935423234E-005,-3.26250897689019514E-021)
   (7.61347579027154409E-024,5.01112601982394600E-008)
   (2.34047859785784532E-023,1.54048341698978573E-007)
  (9.99756508060659977E-005,-6.12174303761610868E-021)
   (2.19571837423811030E-024,3.30872245021211070E-024)
   (2.62170229021898514E-023,7.94093388050906568E-023)
  (-1.70702630424374119E-039,6.06277916106827726E-024)
  (-4.28102729158226664E-039,5.44416043504690235E-024)
               (0.0000000000000000,0.0000000000000000)
               (0.0000000000000000,0.0000000000000000)
 (-2.17520819610681914E-023,-1.43170382231640628E-007)
               (0.0000000000000000,0.0000000000000000)
               (0.0000000000000000,0.0000000000000000)
 (-2.77804044007133566E-023,-2.64697796016968856E-023)
   (1.79462786364873539E-023,1.34070934248846324E-008)
  (2.53561067880896125E-023,-3.22452308664262653E-008)
  (1.35321187003622380E-023,-4.13383405164259835E-007)
  (-1.51281381562961024E-005,9.26331298508347968E-022)
 (-4.53930512101727912E-024,-2.98773262442310529E-008)
 (-8.37381054023459090E-024,-5.51157198619645649E-008)
  (-1.46360593149581184E-004,8.96200159609712907E-021)
 (-2.62170229021898514E-023,-7.94093388050906568E-023)
 (-1.57125441603720621E-023,-5.29395592033937712E-023)
   (3.41019429198094887E-023,4.35551886307828838E-008)
  (4.30224333440569128E-023,-5.47114076781764661E-008)
  (1.65037865918822521E-023,-5.04162847704987627E-007)
  (-3.92973425315754979E-005,2.40626823731455368E-021)
               (0.0000000000000000,0.0000000000000000)
 (-2.17520819610682032E-023,-1.43170382231640655E-007)
  (-2.58771362837484701E-004,1.58451760604961994E-020)
               (0.0000000000000000,0.0000000000000000)
 (-2.77804044007133507E-023,-5.29395592033937712E-023)
  (2.77701028823796849E-026,-5.64097037017052742E-009)
  (1.91311676323592365E-026,-6.90428340726253361E-009)
  (1.79320362633966743E-027,-3.58841816137397509E-009)
  (-6.61925287726010364E-008,4.05312342444174801E-024)
  (-3.29312017463571910E-026,4.90969514243290400E-009)
  (6.15607923856568669E-026,-5.71574166581051936E-009)
  (-1.36794983279580687E-007,8.37627692063770769E-024)
  (-2.21514295078012944E-026,7.39351759162973951E-009)
  (5.58788103997153885E-027,-7.61263291089251665E-009)
  (2.77701028823796849E-026,-5.64097037017052742E-009)
  (1.91311676323592365E-026,-6.90428340726253361E-009)
  (1.79320362633966743E-027,-3.58841816137397509E-009)
  (-6.61925287726010364E-008,4.05312342444174801E-024)
  (3.29312017463571910E-026,-4.90969514243290400E-009)
  (6.15607923856568669E-026,-5.71574166581051936E-009)
  (-1.36794983279580687E-007,8.37627692063770769E-024)
  (2.21514295078012944E-026,-7.39351759162973951E-009)
  (5.58788103997153885E-027,-7.61263291089251665E-009)
  (6.94506552467598491E-024,-5.19918641662696459E-024)
 (-3.94259134134008942E-024,-8.76819149186799997E-009)
  (-5.27479284060205334E-025,2.49364840287855655E-009)
  (1.88462447024401482E-025,-1.93335144897456987E-008)
  (1.89559790087426899E-005,-1.16071895088805797E-021)
   (5.78969437094798137E-024,1.54719760592145018E-008)
   (7.25584352838160914E-024,2.91351078640837835E-008)
  (5.15885962313375288E-006,-3.15889046236063596E-022)
  (6.04469424803898964E-025,-3.21368484270362129E-009)
  (6.74299699177618335E-024,-8.54950757169579155E-008)
 (-3.94259134134008942E-024,-8.76819149186799997E-009)
  (-5.27479284060205334E-025,2.49364840287855655E-009)
  (1.88462447024401482E-025,-1.93335144897456987E-008)
  (1.89559790087426899E-005,-1.16071895088805797E-021)
 (-5.78969437094798137E-024,-1.54719760592145018E-008)
   (7.25584352838160914E-024,2.91351078640837835E-008)
  (5.15885962313375288E-006,-3.15889046236063596E-022)
  (-6.04469424803898964E-025,3.21368484270362129E-009)
  (6.74299699177618335E-024,-8.54950757169579155E-008)
   (1.81062682518324572E-024,2.95696509839778729E-008)
   (6.94506904826766069E-024,1.53009321221119553E-023)
 (-6.30636105316311790E-024,-1.42513730957726847E-008)
  (-1.14438717341992759E-024,1.38101382368242283E-008)
  (2.72218023519775004E-025,-2.03716957340903954E-008)
  (2.88950997505247757E-005,-1.76931457102618307E-021)
   (7.83781274163616600E-024,3.73879696658436501E-008)
   (1.10409544998873195E-023,5.26676109178865190E-008)
  (1.03175580054875481E-005,-6.31768219321873819E-022)
  (1.26030757809079126E-024,-1.17728321090881242E-008)
  (1.07177289999187517E-023,-1.00116849489941503E-007)
 (-6.30636105316311790E-024,-1.42513730957726847E-008)
  (-1.14438717341992759E-024,1.38101382368242283E-008)
  (2.72218023519775004E-025,-2.03716957340903954E-008)
  (2.88950997505247757E-005,-1.76931457102618307E-021)
 (-7.83781274163616600E-024,-3.73879696658436501E-008)
   (1.10409544998873195E-023,5.26676109178865190E-008)
  (1.03175580054875481E-005,-6.31768219321873819E-022)
  (-1.26030757809079126E-024,1.17728321090881242E-008)
  (1.07177289999187517E-023,-1.00116849489941503E-007)
   (2.55330086209462226E-024,1.99333996392881564E-008)
   (7.65057623387939409E-024,1.90843260360340509E-008)
   (6.94507036096047972E-024,2.64697796016968856E-023)
 (-1.74848353275045426E-023,-9.15938688660502038E-008)
 (-1.42442749414901662E-023,-4.10338180175157383E-008)
  (-1.09980443147593779E-024,1.48629582795133936E-008)
  (4.22699667678871040E-005,-2.58828897511789684E-021)
   (3.82472371480486685E-024,2.78391915628292596E-008)
   (1.99226864299602930E-023,1.45012169590958350E-007)
  (9.37365184293424767E-005,-5.73970636288555627E-021)
   (6.02742007322383632E-024,2.16557527775760330E-008)
   (5.26493819850476326E-023,1.89162524979037611E-007)
 (-1.74848353275045426E-023,-9.15938688660502038E-008)
 (-1.42442749414901662E-023,-4.10338180175157383E-008)
  (-1.09980443147593779E-024,1.48629582795133936E-008)
  (4.22699667678871040E-005,-2.58828897511789684E-021)
 (-3.82472371480486685E-024,-2.78391915628292596E-008)
   (1.99226864299602930E-023,1.45012169590958350E-007)
  (9.37365184293424767E-005,-5.73970636288555627E-021)
 (-6.02742007322383632E-024,-2.16557527775760330E-008)
   (5.26493819850476326E-023,1.89162524979037611E-007)
   (1.00927869529229860E-024,8.16002790618033180E-009)
   (6.91454489116016859E-024,4.49732543508328643E-008)
   (8.03564311602039547E-024,4.84772698571474547E-008)
         (6.94507018793959112E-024,0.0000000000000000)
  (9.24750417811366472E-006,-5.66246319591433805E-022)
  (4.19842906212907604E-006,-2.57079635619179736E-022)
  (-7.75567091340269722E-006,4.74897877966942189E-022)
 (-3.36531585830088176E-023,-6.71141276352382736E-008)
  (-9.21029092733383723E-006,5.63967665168764428E-022)
  (-1.19818886001143543E-005,7.33679076093510314E-022)
  (-3.87501981352441051E-024,7.24499867795043299E-009)
  (-3.78286113924477599E-006,2.31633439289751219E-022)
  (-5.69425397471221982E-005,3.48672495183170683E-021)
  (9.24750417811366472E-006,-5.66246319591433805E-022)
  (4.19842906212907604E-006,-2.57079635619179736E-022)
  (-7.75567091340269722E-006,4.74897877966942189E-022)
 (-3.36531585830088176E-023,-6.71141276352382736E-008)
  (9.21029092733383723E-006,-5.63967665168764428E-022)
  (-1.19818886001143543E-005,7.33679076093510314E-022)
  (-3.87501981352441051E-024,7.24499867795043299E-009)
  (3.78286113924477599E-006,-2.31633439289751219E-022)
  (-5.69425397471221982E-005,3.48672495183170683E-021)
  (-1.91067541233835148E-006,1.16995126396485582E-022)
  (-2.07261362029065932E-005,1.26910981797908158E-021)
  (-2.34204304621155506E-005,1.43408776000414869E-021)
  (-2.18955183060667394E-005,1.34071382045984533E-021)
  (3.47253641490844298E-023,-1.89505992685630681E-023)
 (-3.53322534047623888E-024,-1.24918520935805386E-008)
  (-2.88647466011255449E-025,5.99470583453993458E-010)
  (2.19045182414156417E-026,-2.03497942876510711E-009)
  (1.79263723991457248E-005,-1.09767372894686360E-021)
 (-3.99992212979032716E-025,-6.34164390022590017E-009)
   (7.08756665502182900E-024,2.53861020784832862E-008)
  (2.84195641349631623E-006,-1.74019641255227769E-022)
  (-5.67245691795830890E-025,2.20684629489168920E-009)
  (3.08964435622807310E-024,-3.28308080037518825E-008)
   (3.53322534047623888E-024,1.24918520935805386E-008)
  (2.88647466011255449E-025,-5.99470583453993458E-010)
  (-2.19045182414156417E-026,2.03497942876510711E-009)
  (-1.79263723991457248E-005,1.09767372894686360E-021)
 (-3.99992212979032716E-025,-6.34164390022590017E-009)
 (-7.08756665502182900E-024,-2.53861020784832862E-008)
  (-2.84195641349631623E-006,1.74019641255227769E-022)
  (-5.67245691795830890E-025,2.20684629489168920E-009)
  (-3.08964435622807310E-024,3.28308080037518825E-008)
               (0.0000000000000000,0.0000000000000000)
               (0.0000000000000000,0.0000000000000000)
               (0.0000000000000000,0.0000000000000000)
               (0.0000000000000000,0.0000000000000000)
               (0.0000000000000000,0.0000000000000000)
   (6.94507284113934305E-024,1.11805436712970980E-023)
  (1.23790097336557349E-023,-7.06337656111960952E-008)
  (9.54222253490795859E-024,-1.56986458681918162E-007)
  (2.25149158138524155E-024,-1.86890841529134105E-007)
  (-3.23115063152253784E-005,1.97850913922851232E-021)
 (-1.03513239798528778E-023,-1.22781038779566004E-008)
 (-6.12761896109311835E-024,-4.11877857608332950E-008)
  (-6.19055673183182973E-005,3.79062274328897432E-021)
  (-7.61789470804366557E-024,1.15985340579595190E-007)
  (2.31606889883195951E-024,-5.97639664653669297E-008)
  (1.23790097336557349E-023,-7.06337656111960952E-008)
  (9.54222253490795859E-024,-1.56986458681918162E-007)
  (2.25149158138524155E-024,-1.86890841529134105E-007)
  (-3.23115063152253784E-005,1.97850913922851232E-021)
   (1.03513239798528778E-023,1.22781038779566004E-008)
 (-6.12761896109311835E-024,-4.11877857608332950E-008)
  (-6.19055673183182973E-005,3.79062274328897432E-021)
  (7.61789470804366557E-024,-1.15985340579595190E-007)
  (2.31606889883195951E-024,-5.97639664653669297E-008)
   (2.93354756861206102E-024,1.51776305759081959E-008)
  (1.86677046510999831E-023,-5.01824510678059607E-008)
  (1.87469925347407379E-023,-9.50422060668546341E-008)
  (8.32454650164848371E-024,-2.39131149796187661E-007)
  (-5.58519810224383174E-005,3.41994748925839087E-021)
               (0.0000000000000000,0.0000000000000000)
   (6.94507284113934305E-024,1.30857801605353059E-023)
  (2.10050848130183227E-005,-1.28619049410407856E-021)
  (1.49161973080315321E-005,-9.13353664436559065E-022)
  (-1.15056788259880804E-005,7.04519637313188964E-022)
 (-6.62474503454908236E-023,-1.61520217584135307E-007)
  (-1.27846941651067859E-005,7.82836739368793457E-022)
  (-1.96179864927635000E-005,1.20125521820394154E-021)
  (-6.55855764708974002E-024,4.94435915836927279E-008)
  (-1.31627775794559262E-005,8.05987671528462266E-022)
  (-1.03990353545692097E-004,6.36757268059667230E-021)
  (2.10050848130183227E-005,-1.28619049410407856E-021)
  (1.49161973080315321E-005,-9.13353664436559065E-022)
  (-1.15056788259880804E-005,7.04519637313188964E-022)
 (-6.62474503454908236E-023,-1.61520217584135307E-007)
  (1.27846941651067859E-005,-7.82836739368793457E-022)
  (-1.96179864927635000E-005,1.20125521820394154E-021)
  (-6.55855764708974002E-024,4.94435915836927279E-008)
  (1.31627775794559262E-005,-8.05987671528462266E-022)
  (-1.03990353545692097E-004,6.36757268059667230E-021)
  (-4.09164345176055776E-007,2.50540902822539755E-023)
  (-2.12466149371584310E-005,1.30097994877537069E-021)
  (-2.81918688589303578E-005,1.72625409800355037E-021)
  (-3.49633690240392693E-005,2.14088889813487025E-021)
   (4.12256627671562430E-023,7.23305016050315222E-008)
               (0.0000000000000000,0.0000000000000000)
  (-7.84594907034340922E-005,4.80425820763460483E-021)
   (3.47253516404674464E-023,1.98523347012726642E-023)
 (-6.72674518261350965E-024,-2.38774671335178326E-008)
  (-7.09903497285801265E-025,7.28401427357304238E-009)
  (4.23816131311533005E-026,-2.85748060699317404E-009)
  (3.37612519361882784E-005,-2.06728045594301770E-021)
 (-2.04759664489909791E-024,-1.03884137225119963E-008)
   (1.31421258729610405E-023,6.66761400990555658E-008)
  (6.74156062006278700E-006,-4.12801531730886882E-022)
  (-1.32047546249524426E-024,1.02701404700269174E-008)
  (6.30906452447344439E-024,-4.90694304749636458E-008)
   (6.72674518261350965E-024,2.38774671335178326E-008)
  (7.09903497285801265E-025,-7.28401427357304238E-009)
  (-4.23816131311533005E-026,2.85748060699317404E-009)
  (-3.37612519361882784E-005,2.06728045594301770E-021)
 (-2.04759664489909791E-024,-1.03884137225119963E-008)
 (-1.31421258729610405E-023,-6.66761400990555658E-008)
  (-6.74156062006278700E-006,4.12801531730886882E-022)
  (-1.32047546249524426E-024,1.02701404700269174E-008)
  (-6.30906452447344439E-024,4.90694304749636458E-008)
               (0.0000000000000000,0.0000000000000000)
               (0.0000000000000000,0.0000000000000000)
               (0.0000000000000000,0.0000000000000000)
               (0.0000000000000000,0.0000000000000000)
               (0.0000000000000000,0.0000000000000000)
   (7.06407500922157722E-024,2.41101672588770079E-008)
               (0.0000000000000000,0.0000000000000000)
               (0.0000000000000000,0.0000000000000000)
  (6.94507035496123116E-024,-3.30872245021211070E-023)
  (2.23649159317644120E-023,-4.67078382508268292E-008)
  (1.84802847694892010E-023,-1.89618248896244950E-007)
  (4.55986611391731406E-024,-3.07438250419645596E-007)
  (-5.44882017083586653E-005,3.33644009067183897E-021)
 (-1.38224639774874237E-023,-7.01278129266196971E-008)
 (-1.49091077671439524E-023,-7.56408641831119450E-008)
  (-1.18901825217806176E-004,7.28063698328821796E-021)
  (-1.40846978394304952E-023,1.09545258050833930E-007)
  (3.25791883494977186E-024,-2.53388154685237943E-008)
  (2.23649159317644120E-023,-4.67078382508268292E-008)
  (1.84802847694892010E-023,-1.89618248896244950E-007)
  (4.55986611391731406E-024,-3.07438250419645596E-007)
  (-5.44882017083586653E-005,3.33644009067183897E-021)
   (1.38224639774874237E-023,7.01278129266196971E-008)
 (-1.49091077671439524E-023,-7.56408641831119450E-008)
  (-1.18901825217806176E-004,7.28063698328821796E-021)
  (1.40846978394304952E-023,-1.09545258050833930E-007)
  (3.25791883494977186E-024,-2.53388154685237943E-008)
   (8.35667916565840053E-025,6.63830042967699980E-009)
   (2.60919036519930343E-023,6.21478556582122023E-008)
   (3.09539357091403555E-023,2.25751498357817158E-008)
  (1.63485538629089934E-023,-3.31948062231587294E-007)
  (-7.84594907034340922E-005,4.80425820763460483E-021)
               (0.0000000000000000,0.0000000000000000)
   (7.06407500922157869E-024,2.41101672588770145E-008)
  (-1.32534553200869569E-004,8.11540081769347709E-021)
               (0.0000000000000000,0.0000000000000000)
  (6.94507035496122969E-024,-3.97046694025453284E-023)
  (5.07215706186804036E-005,-3.10580045529466969E-021)
  (7.69808266289463624E-005,-4.71371614634282464E-021)
  (3.50168007463883975E-005,-2.14416064752226030E-021)
 (-5.97613104512390706E-023,-1.94659950814266485E-007)
  (-2.63231915379484354E-006,1.61183061301456259E-022)
  (-1.57922331184837526E-005,9.66995386996997811E-022)
 (-9.82088367119644655E-023,-2.05060400115606663E-007)
  (-2.52046984005122487E-005,1.54334266098308654E-021)
  (-2.37901025351757096E-004,1.45672364605451278E-020)
  (5.07215706186804036E-005,-3.10580045529466969E-021)
  (7.69808266289463624E-005,-4.71371614634282464E-021)
  (3.50168007463883975E-005,-2.14416064752226030E-021)
 (-5.97613104512390706E-023,-1.94659950814266485E-007)
  (2.63231915379484354E-006,-1.61183061301456259E-022)
  (-1.57922331184837526E-005,9.66995386996997811E-022)
 (-9.82088367119644655E-023,-2.05060400115606663E-007)
  (2.52046984005122487E-005,-1.54334266098308654E-021)
  (-2.37901025351757096E-004,1.45672364605451278E-020)
  (-6.51270298702741523E-008,3.98788043343026486E-024)
  (-9.99985272584772931E-006,6.12314381632717736E-022)
  (-1.50140406596959154E-005,9.19344841808240648E-022)
  (-5.49695331080651882E-005,3.36591313857082498E-021)
   (2.70857108522876530E-023,8.07978546459773354E-008)
               (0.0000000000000000,0.0000000000000000)
  (-6.12664318970991588E-005,3.75148698589809066E-021)
   (4.12705518604852048E-023,1.16768852340511292E-007)
               (0.0000000000000000,0.0000000000000000)
  (-1.21129739006962584E-004,7.41705735782155261E-021)
   (3.47253502226418084E-023,1.32348898008484428E-023)
 (-1.05181666594770907E-023,-6.08133320336243393E-008)
 (-7.63854404939430502E-024,-2.73216141995509973E-008)
  (-4.00262566180853603E-025,4.26627347083875116E-009)
  (2.79127191483204665E-005,-1.70916110802448478E-021)
 (-6.55208867987506005E-024,-4.84563514373134393E-008)
   (1.33284463690944481E-023,9.85712973266015662E-008)
  (5.18358003861176813E-005,-3.17402735120500682E-021)
 (-1.32556674880417017E-023,-5.56096393793350370E-008)
   (2.86725454158499653E-023,1.20285901264605344E-007)
   (1.05181666594770907E-023,6.08133320336243393E-008)
   (7.63854404939430502E-024,2.73216141995509973E-008)
  (4.00262566180853603E-025,-4.26627347083875116E-009)
  (-2.79127191483204665E-005,1.70916110802448478E-021)
 (-6.55208867987506005E-024,-4.84563514373134393E-008)
 (-1.33284463690944481E-023,-9.85712973266015662E-008)
  (-5.18358003861176813E-005,3.17402735120500682E-021)
 (-1.32556674880417017E-023,-5.56096393793350370E-008)
 (-2.86725454158499653E-023,-1.20285901264605344E-007)
               (0.0000000000000000,0.0000000000000000)
               (0.0000000000000000,0.0000000000000000)
               (0.0000000000000000,0.0000000000000000)
               (0.0000000000000000,0.0000000000000000)
               (0.0000000000000000,0.0000000000000000)
   (4.09782440823623339E-024,2.69326184269928765E-008)
               (0.0000000000000000,0.0000000000000000)
               (0.0000000000000000,0.0000000000000000)
   (6.34743573780673015E-024,3.89229511820199802E-008)
               (0.0000000000000000,0.0000000000000000)
               (0.0000000000000000,0.0000000000000000)
   (6.94507015241470598E-024,1.98523347012726642E-023)
   (3.80384993778106352E-023,1.75646067912387404E-007)
   (5.26957991340034344E-023,1.88482816171026436E-007)
  (4.36472932946853460E-023,-4.65222844178980576E-007)
  (-3.86752583565017178E-005,2.36817656762433793E-021)
 (-3.07826216295077012E-024,-2.27654661699376513E-008)
 (-1.76995956674668636E-023,-1.30898385211947263E-007)
  (-2.95616444158806261E-004,1.81012866057202149E-020)
 (-1.73240815918536429E-023,-7.26772854532036527E-008)
 (-2.65000853742103994E-023,-1.11172084884511506E-007)
   (3.80384993778106352E-023,1.75646067912387404E-007)
   (5.26957991340034344E-023,1.88482816171026436E-007)
  (4.36472932946853460E-023,-4.65222844178980576E-007)
  (-3.86752583565017178E-005,2.36817656762433793E-021)
   (3.07826216295077012E-024,2.27654661699376513E-008)
 (-1.76995956674668636E-023,-1.30898385211947263E-007)
  (-2.95616444158806261E-004,1.81012866057202149E-020)
   (1.73240815918536429E-023,7.26772854532036527E-008)
 (-2.65000853742103994E-023,-1.11172084884511506E-007)
   (1.44899469847011133E-025,1.25072893783865886E-009)
   (1.74542698768729042E-023,1.13747320373906815E-007)
   (2.56747833708662101E-023,1.62102916561625373E-007)
   (6.17247488177367283E-023,6.63857214308925855E-008)
  (-6.12664318970991588E-005,3.75148698589809066E-021)
               (0.0000000000000000,0.0000000000000000)
   (4.09782440823623339E-024,2.69326184269928798E-008)
  (-1.21129739006962584E-004,7.41705735782155261E-021)
               (0.0000000000000000,0.0000000000000000)
   (6.34743573780672941E-024,3.89229511820199802E-008)
  (-5.32187302101763031E-004,3.25870738032894775E-020)
               (0.0000000000000000,0.0000000000000000)
   (6.94507015241470598E-024,2.64697796016968856E-023)
 (-1.85424928403959012E-024,-1.12817189387034527E-008)
 (-3.88218299044626070E-025,-8.72141030514260758E-009)
 (-1.67867648001164719E-024,-1.49987472527683490E-008)
  (6.19218826689850902E-006,-1.13748653111625784E-021)
   (7.52606979266820676E-024,3.25123748633821062E-008)
   (6.00011052461668241E-024,2.59202808334443051E-008)
  (-4.15162259646237708E-006,7.62640698603821036E-022)
   (8.95542786674630245E-026,6.15803166554520752E-009)
 (-3.33568970197127421E-025,-2.29372433308820523E-008)
 (-1.85424928403959012E-024,-1.12817189387034527E-008)
 (-3.88218299044626070E-025,-8.72141030514260758E-009)
 (-1.67867648001164719E-024,-1.49987472527683490E-008)
  (6.19218826689850902E-006,-1.13748653111625784E-021)
 (-7.52606979266820676E-024,-3.25123748633821062E-008)
   (6.00011052461668241E-024,2.59202808334443051E-008)
  (-4.15162259646237708E-006,7.62640698603821036E-022)
 (-8.95542786674630245E-026,-6.15803166554520752E-009)
 (-3.33568970197127421E-025,-2.29372433308820523E-008)
   (6.00488207560042173E-024,3.00839710170229872E-008)
   (1.72168593630750204E-023,6.72216213480676554E-008)
   (7.65183604629460837E-024,1.65399446811490321E-008)
 (-2.21662987866652128E-024,-2.58489549685131161E-008)
  (-2.50901890805715754E-005,4.60899296212857920E-021)
               (0.0000000000000000,0.0000000000000000)
   (4.21910840835962797E-023,1.81921160135266241E-007)
  (-2.17226926148358251E-005,3.99039389694308198E-021)
               (0.0000000000000000,0.0000000000000000)
   (1.05833485734514648E-023,1.62663198100169067E-008)
  (-6.52054297337246623E-006,1.19780431215650302E-021)
               (0.0000000000000000,0.0000000000000000)
 (-2.31531708971377226E-024,-2.50151326280094856E-008)
  (6.25056335130866638E-023,-1.32348898008484428E-022)
 (-7.94720105543301205E-025,-7.43271164474239637E-009)
  (2.37045646725683544E-025,-1.68653192358675026E-008)
  (5.28685575118326860E-026,-1.67697034082689494E-008)
  (4.37007530083107280E-006,-2.67589936459784011E-022)
  (1.05177596372009602E-024,-5.41057544314194061E-009)
  (1.99427434553551343E-024,-1.02590020812777877E-008)
  (-1.46773309988036925E-006,8.98727321385558256E-023)
  (-1.82234770135888269E-025,1.10179748728529597E-008)
  (8.75145837242306695E-025,-5.29116086772438414E-008)
 (-7.94720105543301205E-025,-7.43271164474239637E-009)
  (2.37045646725683544E-025,-1.68653192358675026E-008)
  (5.28685575118326860E-026,-1.67697034082689494E-008)
  (4.37007530083107280E-006,-2.67589936459784011E-022)
  (-1.05177596372009602E-024,5.41057544314194061E-009)
  (1.99427434553551343E-024,-1.02590020812777877E-008)
  (-1.46773309988036925E-006,8.98727321385558256E-023)
  (1.82234770135888269E-025,-1.10179748728529597E-008)
  (8.75145837242306695E-025,-5.29116086772438414E-008)
   (7.73552731890268792E-025,4.81782139007419480E-009)
  (2.99486167977723554E-024,-3.05979846971147350E-008)
  (1.87542567617994157E-024,-4.47161068527002484E-008)
  (3.16318040116058635E-025,-3.61806865231137151E-008)
  (-8.36339637576761633E-006,5.12110330079219384E-022)
               (0.0000000000000000,0.0000000000000000)
  (6.63738915678373715E-024,-3.48724221349950075E-008)
  (-7.24089755588173262E-006,4.43377100738222980E-022)
               (0.0000000000000000,0.0000000000000000)
  (2.86376631513768759E-024,-7.72713870418030795E-008)
  (-2.17351433061289496E-006,1.33089368394299203E-022)
               (0.0000000000000000,0.0000000000000000)
  (2.49384374239611944E-025,-3.31606447230508957E-008)
  (6.94507039612253090E-024,-7.56144047558438429E-008)
  (6.94507040652574994E-024,-2.64697796016968856E-023)
  (-2.27581333666570996E-024,2.34026122650589066E-008)
  (-1.64191740064322682E-025,1.16819108485123030E-008)
  (3.80946314489052010E-026,-1.20834707983563765E-008)
  (1.20673207683883625E-005,-7.38910287664559447E-022)
  (6.90741946851518373E-024,-3.55333411686281306E-008)
  (2.53804675571772832E-024,-1.30562913811623494E-008)
  (1.71121480672013931E-006,-1.04781686785168769E-022)
  (2.73929350826053668E-025,-1.65618597487615589E-008)
  (1.75526129551361026E-024,-1.06123682296409905E-007)
  (-2.27581333666570996E-024,2.34026122650589066E-008)
  (-1.64191740064322682E-025,1.16819108485123030E-008)
  (3.80946314489052010E-026,-1.20834707983563765E-008)
  (1.20673207683883625E-005,-7.38910287664559447E-022)
  (-6.90741946851518373E-024,3.55333411686281306E-008)
  (2.53804675571772832E-024,-1.30562913811623494E-008)
  (1.71121480672013931E-006,-1.04781686785168769E-022)
  (-2.73929350826053668E-025,1.65618597487615589E-008)
  (1.75526129551361026E-024,-1.06123682296409905E-007)
   (7.73552731890268333E-025,4.81782139007419231E-009)
  (2.99486167977723627E-024,-3.05979846971147217E-008)
  (1.87542567617994084E-024,-4.47161068527002352E-008)
  (3.16318040116058819E-025,-3.61806865231137416E-008)
  (-8.36339637576761802E-006,5.12110330079219384E-022)
               (0.0000000000000000,0.0000000000000000)
  (1.99121674703512085E-023,-1.04617266404985022E-007)
  (-7.24089755588173178E-006,4.43377100738222885E-022)
               (0.0000000000000000,0.0000000000000000)
  (8.59129894541306131E-024,-2.31814161125409225E-007)
  (-2.17351433061289496E-006,1.33089368394299203E-022)
               (0.0000000000000000,0.0000000000000000)
  (7.48153122718835602E-025,-9.94819341691526806E-008)
  (6.94507039612253384E-024,-7.56144047558438826E-008)
  (2.31502346884191714E-024,-9.92616735063633210E-024)
  (6.94507040652575288E-024,-1.98523347012726642E-023)
  (8.68130457709320685E-007,-5.31576593138023347E-023)
  (-1.24872821080467289E-006,7.64625503183471823E-023)
  (-2.90468919434203094E-007,1.77860916218443630E-023)
  (-4.69547308842492437E-024,1.93751926135412096E-008)
  (-2.93531683248787292E-006,1.79736318169481046E-022)
  (-5.19035712457611984E-006,3.17817711952190213E-022)
 (-4.47811360749196558E-025,-8.28101993041547370E-009)
  (-1.17624023858023167E-006,7.20239421602799758E-023)
  (-4.54682581167185971E-006,2.78412783827225413E-022)
  (-8.68130457709320685E-007,5.31576593138023347E-023)
  (1.24872821080467289E-006,-7.64625503183471823E-023)
  (2.90468919434203094E-007,-1.77860916218443630E-023)
  (4.69547308842492437E-024,-1.93751926135412096E-008)
  (-2.93531683248787292E-006,1.79736318169481046E-022)
  (5.19035712457611984E-006,-3.17817711952190213E-022)
   (4.47811360749196558E-025,8.28101993041547370E-009)
  (-1.17624023858023167E-006,7.20239421602799758E-023)
  (4.54682581167185971E-006,-2.78412783827225413E-022)
               (0.0000000000000000,0.0000000000000000)
               (0.0000000000000000,0.0000000000000000)
               (0.0000000000000000,0.0000000000000000)
               (0.0000000000000000,0.0000000000000000)
               (0.0000000000000000,0.0000000000000000)
  (-1.44858274466669225E-005,8.87001110778076111E-022)
               (0.0000000000000000,0.0000000000000000)
               (0.0000000000000000,0.0000000000000000)
  (-1.25416024591884657E-005,7.67951665391186557E-022)
               (0.0000000000000000,0.0000000000000000)
               (0.0000000000000000,0.0000000000000000)
  (-3.76463725160059215E-006,2.30517548006177727E-022)
               (0.0000000000000000,0.0000000000000000)
               (0.0000000000000000,0.0000000000000000)
               (0.0000000000000000,0.0000000000000000)
               (0.0000000000000000,0.0000000000000000)
   (3.47253520014190911E-023,6.61744490042422140E-023)
  (-2.62019620863183869E-005,1.60440745001950578E-021)
  (-3.07596849036569363E-005,1.88348748300223114E-021)
  (-1.81608778266754129E-005,1.11203304500720933E-021)
  (1.53531088850267854E-023,-6.33523899002581075E-008)
  (2.12874286796332385E-005,-1.30347906972952058E-021)
  (-4.83031132640503501E-006,2.95771265238356599E-022)
 (-1.08632965256861353E-023,-2.00886317150857284E-007)
  (2.96125317741062426E-005,-1.81324461259042473E-021)
  (-2.18601871208524000E-005,1.33855040931570418E-021)
  (-2.62019620863183869E-005,1.60440745001950578E-021)
  (-3.07596849036569363E-005,1.88348748300223114E-021)
  (-1.81608778266754129E-005,1.11203304500720933E-021)
  (1.53531088850267854E-023,-6.33523899002581075E-008)
  (-2.12874286796332385E-005,1.30347906972952058E-021)
  (-4.83031132640503501E-006,2.95771265238356599E-022)
 (-1.08632965256861353E-023,-2.00886317150857284E-007)
  (-2.96125317741062426E-005,1.81324461259042473E-021)
  (-2.18601871208524000E-005,1.33855040931570418E-021)
  (-1.40938990987917608E-006,8.63002420942054801E-023)
  (-5.17716373961820076E-005,3.17009850119258575E-021)
  (-5.64522190309030619E-005,3.45670146704803652E-021)
  (-3.64532395020493013E-005,2.23211715373682663E-021)
  (4.26875452747393664E-023,-1.81202420293391618E-007)
               (0.0000000000000000,0.0000000000000000)
  (-1.44858274466669242E-005,8.87001110778076299E-022)
 (-7.97990402590902388E-024,-4.01513904007058988E-007)
               (0.0000000000000000,0.0000000000000000)
  (-1.25416024591884640E-005,7.67951665391186463E-022)
 (-1.19080113872946219E-023,-1.72307763928218035E-007)
               (0.0000000000000000,0.0000000000000000)
  (-3.76463725160059258E-006,2.30517548006177774E-022)
  (-5.33307399338943066E-005,9.79669799343053728E-021)
  (-1.77769133379266350E-005,1.08852200090058764E-021)
  (-5.33307400137799151E-005,3.26556600270176367E-021)
               (0.0000000000000000,0.0000000000000000)
   (3.47253520014191029E-023,6.61744490042422140E-023)
  (2.86210918579013565E-024,-3.33051386274011724E-008)
  (4.45006194095198017E-025,-3.16612923672002393E-008)
  (1.67986945174975321E-026,-5.32848138785509790E-009)
  (-1.30598824051420802E-005,7.99687159234904133E-022)
  (-3.37048961172673498E-024,1.73385672934305779E-008)
  (1.69627459133854327E-024,-8.72602337883850047E-009)
  (-3.52351643894428708E-006,2.15753156434810059E-022)
  (5.43497261940057722E-025,-3.28600254005020483E-008)
  (4.16378864325877512E-025,-2.51744047599075890E-008)
  (-2.86210918579013565E-024,3.33051386274011724E-008)
  (-4.45006194095198017E-025,3.16612923672002393E-008)
  (-1.67986945174975321E-026,5.32848138785509790E-009)
  (1.30598824051420802E-005,-7.99687159234904133E-022)
  (-3.37048961172673498E-024,1.73385672934305779E-008)
  (-1.69627459133854327E-024,8.72602337883850047E-009)
  (3.52351643894428708E-006,-2.15753156434810059E-022)
  (5.43497261940057722E-025,-3.28600254005020483E-008)
  (-4.16378864325877512E-025,2.51744047599075890E-008)
               (0.0000000000000000,0.0000000000000000)
               (0.0000000000000000,0.0000000000000000)
               (0.0000000000000000,0.0000000000000000)
               (0.0000000000000000,0.0000000000000000)
               (0.0000000000000000,0.0000000000000000)
  (1.14962952491561788E-023,-6.04008069208009378E-008)
               (0.0000000000000000,0.0000000000000000)
               (0.0000000000000000,0.0000000000000000)
  (4.96018875882277980E-024,-1.33837968327722368E-007)
               (0.0000000000000000,0.0000000000000000)
               (0.0000000000000000,0.0000000000000000)
  (4.31946406796778910E-025,-5.74359214720649315E-008)
               (0.0000000000000000,0.0000000000000000)
               (0.0000000000000000,0.0000000000000000)
               (0.0000000000000000,0.0000000000000000)
               (0.0000000000000000,0.0000000000000000)
  (-3.07905171030377863E-005,1.88537541071635338E-021)
               (0.0000000000000000,0.0000000000000000)
  (6.94507040652574994E-024,-1.32348898008484428E-023)
 (-1.72139055505376710E-023,-8.05703136055036431E-008)
 (-3.60167919735713941E-024,-1.26955964906744969E-008)
 (-8.42348954730517862E-025,-1.34012824845630043E-008)
  (2.87893957368816747E-005,-5.28852620078378792E-021)
   (2.09599848796320604E-023,1.03083995008641040E-007)
   (2.71566558629877726E-023,1.33560047562436810E-007)
  (1.88462007566335246E-005,-3.46199091490495006E-021)
   (4.45895072280282744E-024,1.70615148938719384E-008)
   (4.18767821242995725E-023,1.60235307886976461E-007)
 (-1.72139055505376710E-023,-8.05703136055036431E-008)
 (-3.60167919735713941E-024,-1.26955964906744969E-008)
 (-8.42348954730517862E-025,-1.34012824845630043E-008)
  (2.87893957368816747E-005,-5.28852620078378792E-021)
 (-2.09599848796320604E-023,-1.03083995008641040E-007)
   (2.71566558629877726E-023,1.33560047562436810E-007)
  (1.88462007566335246E-005,-3.46199091490495006E-021)
 (-4.45895072280282744E-024,-1.70615148938719384E-008)
   (4.18767821242995725E-023,1.60235307886976461E-007)
   (1.14486699831128539E-024,5.82106655728215998E-009)
   (2.56178938762635681E-023,1.21720040600841677E-007)
   (2.75681325146597294E-023,1.27261450305036743E-007)
   (6.60887197467378635E-024,1.13088491162676338E-008)
  (-3.13853444143196740E-005,5.76539423657007581E-021)
               (0.0000000000000000,0.0000000000000000)
   (8.35866840411977141E-023,3.95286177886410017E-007)
  (-5.05282201765280798E-005,9.28188346586966996E-021)
               (0.0000000000000000,0.0000000000000000)
   (1.08824080797521122E-022,4.96235817312498216E-007)
  (-3.81451831062268039E-005,7.00715645908955271E-021)
               (0.0000000000000000,0.0000000000000000)
   (1.44161639070166103E-023,5.87279859591405306E-009)
   (8.23455727666508900E-023,1.63977197818457033E-007)
   (1.43575447750211975E-023,7.16783486290860827E-008)
   (1.43575447750211975E-023,7.16783486290860959E-008)
               (0.0000000000000000,0.0000000000000000)
  (-4.28444512999280228E-005,7.87039802185222834E-021)
               (0.0000000000000000,0.0000000000000000)
   (6.25056327780461201E-023,5.29395592033937712E-023)
 (-5.99944721633007879E-024,-1.46713541965291699E-008)
  (-7.72712387128965651E-025,1.08609167972550909E-008)
  (2.68909626418954757E-025,-2.23169690672130642E-008)
  (2.89536409206453208E-005,-1.77289918385650634E-021)
 (-3.78558927326191429E-024,-1.67952056280873563E-008)
   (1.08618835449651604E-023,4.81900054331136100E-008)
  (7.34924647834499918E-006,-4.50011558792508003E-022)
  (2.53127323171530249E-025,-2.79989941204130709E-009)
  (8.67799904669020784E-024,-9.59893389780678278E-008)
 (-5.99944721633007879E-024,-1.46713541965291699E-008)
  (-7.72712387128965651E-025,1.08609167972550909E-008)
  (2.68909626418954757E-025,-2.23169690672130642E-008)
  (2.89536409206453208E-005,-1.77289918385650634E-021)
   (3.78558927326191429E-024,1.67952056280873563E-008)
   (1.08618835449651604E-023,4.81900054331136100E-008)
  (7.34924647834499918E-006,-4.50011558792508003E-022)
  (-2.53127323171530249E-025,2.79989941204130709E-009)
  (8.67799904669020784E-024,-9.59893389780678278E-008)
   (1.43997315307467873E-025,1.11775731549152210E-009)
   (3.57049603791460903E-024,5.09878981761361077E-009)
  (3.99436660154539468E-024,-3.20446381726293419E-009)
  (1.74131247752439069E-024,-4.55667337829340842E-008)
  (-1.04617815235398212E-005,6.40599362809097992E-022)
               (0.0000000000000000,0.0000000000000000)
   (1.17260296511231918E-023,1.22849840601785413E-008)
  (-1.68427401573002050E-005,1.03132039112541393E-021)
               (0.0000000000000000,0.0000000000000000)
  (1.60175735163401604E-023,-2.69378370654216654E-008)
  (-1.27150611481002105E-005,7.78572946799189526E-022)
               (0.0000000000000000,0.0000000000000000)
  (4.56565120938596460E-024,-1.43252690620329535E-007)
  (9.59576177157279698E-024,-6.08746934820722754E-009)
   (5.57947876640047929E-024,3.27954397171874563E-008)
   (1.85982625546682704E-024,1.09318132390624876E-008)
               (0.0000000000000000,0.0000000000000000)
  (-1.42814838000642696E-005,8.74488671141174477E-022)
               (0.0000000000000000,0.0000000000000000)
  (6.94507032930065381E-024,-7.56144043193303237E-008)
  (6.94507036643262486E-024,-2.64697796016968856E-023)
  (-1.34913985685455124E-023,1.32296478540895291E-008)
  (-6.06897042275223558E-024,8.53028680586078546E-008)
  (-1.03966827470197357E-025,8.62826855091389724E-009)
  (4.75435618443377866E-005,-2.91120354163662618E-021)
   (1.37660185122622195E-023,6.10745368565251892E-008)
   (2.22808177538432801E-023,9.88514307087764322E-008)
  (4.50605338387221889E-005,-2.75916192667310585E-021)
  (5.66542491485423912E-024,-6.26665651471980588E-008)
  (2.10507083813795099E-023,-2.32846716354430265E-007)
  (-1.34913985685455124E-023,1.32296478540895291E-008)
  (-6.06897042275223558E-024,8.53028680586078546E-008)
  (-1.03966827470197357E-025,8.62826855091389724E-009)
  (4.75435618443377866E-005,-2.91120354163662618E-021)
 (-1.37660185122622195E-023,-6.10745368565251892E-008)
   (2.22808177538432801E-023,9.88514307087764322E-008)
  (4.50605338387221889E-005,-2.75916192667310585E-021)
  (-5.66542491485423912E-024,6.26665651471980588E-008)
  (2.10507083813795099E-023,-2.32846716354430265E-007)
   (1.43997315307467873E-025,1.11775731549152169E-009)
   (3.57049603791460903E-024,5.09878981761361408E-009)
  (3.99436660154539468E-024,-3.20446381726292757E-009)
  (1.74131247752439143E-024,-4.55667337829340975E-008)
  (-1.04617815235398263E-005,6.40599362809098180E-022)
               (0.0000000000000000,0.0000000000000000)
   (3.51780889533695755E-023,3.68549521805357018E-008)
  (-1.68427401573002118E-005,1.03132039112541431E-021)
               (0.0000000000000000,0.0000000000000000)
  (4.80527205490204725E-023,-8.08135111962648639E-008)
  (-1.27150611481002088E-005,7.78572946799189620E-022)
               (0.0000000000000000,0.0000000000000000)
  (1.36969536281578916E-023,-4.29758071860988552E-007)
  (9.59576177157279698E-024,-6.08746934820722920E-009)
   (1.85982625546682704E-024,1.09318132390624876E-008)
   (5.57947876640047929E-024,3.27954397171874563E-008)
               (0.0000000000000000,0.0000000000000000)
  (-4.28444514001927968E-005,2.62346601342352287E-021)
               (0.0000000000000000,0.0000000000000000)
  (6.94507032930065527E-024,-7.56144043193303369E-008)
  (2.31502345547754260E-024,-9.92616735063633210E-024)
  (6.94507036643262780E-024,-3.30872245021211070E-023)
  (1.34946156651370558E-005,-8.26306894001691168E-022)
  (3.75973599026405668E-006,-2.30217432305799048E-022)
  (-1.46728370370348710E-006,8.98452145590774403E-023)
 (-6.41451386545809505E-023,-1.40267795487868233E-007)
  (1.31046902998411843E-006,-8.02430851475893889E-023)
  (-1.98377135442880884E-005,1.21470961972072529E-021)
  (-1.33095626437763600E-024,1.92799111342441170E-008)
  (6.52857665677977226E-006,-3.99760025285673724E-022)
  (-4.08749944847570855E-005,2.50287155804617355E-021)
  (-1.34946156651370558E-005,8.26306894001691168E-022)
  (-3.75973599026405668E-006,2.30217432305799048E-022)
  (1.46728370370348710E-006,-8.98452145590774403E-023)
   (6.41451386545809505E-023,1.40267795487868233E-007)
  (1.31046902998411843E-006,-8.02430851475893889E-023)
  (1.98377135442880884E-005,-1.21470961972072529E-021)
  (1.33095626437763600E-024,-1.92799111342441170E-008)
  (6.52857665677977226E-006,-3.99760025285673724E-022)
  (4.08749944847570855E-005,-2.50287155804617355E-021)
               (0.0000000000000000,0.0000000000000000)
               (0.0000000000000000,0.0000000000000000)
               (0.0000000000000000,0.0000000000000000)
               (0.0000000000000000,0.0000000000000000)
               (0.0000000000000000,0.0000000000000000)
  (-1.81203371364563077E-005,1.10955064368160658E-021)
               (0.0000000000000000,0.0000000000000000)
               (0.0000000000000000,0.0000000000000000)
  (-2.91724816911245803E-005,1.78629931631102406E-021)
               (0.0000000000000000,0.0000000000000000)
               (0.0000000000000000,0.0000000000000000)
  (-2.20231319298546234E-005,1.34852790125481693E-021)
               (0.0000000000000000,0.0000000000000000)
               (0.0000000000000000,0.0000000000000000)
               (0.0000000000000000,0.0000000000000000)
               (0.0000000000000000,0.0000000000000000)
   (3.59299598198909961E-023,9.83863189213183261E-008)
               (0.0000000000000000,0.0000000000000000)
  (-2.47362555491831550E-005,1.51465880905990549E-021)
               (0.0000000000000000,0.0000000000000000)
               (0.0000000000000000,0.0000000000000000)
               (0.0000000000000000,0.0000000000000000)
         (3.47253517207672111E-023,0.0000000000000000)
  (-1.05407512102626352E-004,6.45434861512836203E-021)
  (-1.50919576882062230E-004,9.24115883786451830E-021)
  (-1.37241654259227195E-004,8.40362762991251571E-021)
   (1.07953583493552177E-022,2.36064828750271743E-007)
  (2.57679343863108876E-005,-1.57783091834173261E-021)
  (2.07720384662004367E-005,-1.27192052096990339E-021)
  (3.27771095589622975E-023,-4.74801296216653220E-007)
  (1.07182515544463461E-004,-6.56303622930442997E-021)
  (-3.63512179811410023E-005,2.22587013728560178E-021)
  (-1.05407512102626352E-004,6.45434861512836203E-021)
  (-1.50919576882062230E-004,9.24115883786451830E-021)
  (-1.37241654259227195E-004,8.40362762991251571E-021)
   (1.07953583493552177E-022,2.36064828750271743E-007)
  (-2.57679343863108876E-005,1.57783091834173261E-021)
  (2.07720384662004367E-005,-1.27192052096990339E-021)
  (3.27771095589622975E-023,-4.74801296216653220E-007)
  (-1.07182515544463461E-004,6.56303622930442997E-021)
  (-3.63512179811410023E-005,2.22587013728560178E-021)
  (-1.94914375082251112E-007,1.19350632776142774E-023)
  (-8.07467275198449070E-005,4.94431106994007808E-021)
  (-1.20234494570569883E-004,7.36223944614741085E-021)
  (-2.00672970684231716E-004,1.22876755611917506E-020)
   (1.06762055322423157E-022,6.38346497494134054E-008)
               (0.0000000000000000,0.0000000000000000)
  (-1.81203371364563144E-005,1.10955064368160696E-021)
  (1.27288414144467103E-022,-1.39973106511727351E-007)
               (0.0000000000000000,0.0000000000000000)
  (-2.91724816911245939E-005,1.78629931631102444E-021)
 (-2.12324027019244032E-023,-7.44362808828917240E-007)
               (0.0000000000000000,0.0000000000000000)
  (-2.20231319298546234E-005,1.34852790125481693E-021)
  (-4.28444512999280228E-005,7.87039802185222834E-021)
  (-1.42814838000642662E-005,8.74488671141174288E-022)
  (-4.28444514001927968E-005,2.62346601342352211E-021)
               (0.0000000000000000,0.0000000000000000)
   (3.59299598198909961E-023,9.83863189213183261E-008)
               (0.0000000000000000,0.0000000000000000)
  (-1.90352187390411561E-004,3.49671295497547033E-020)
  (-6.34507294693778849E-005,3.88523663741191299E-021)
  (-1.90352188408133600E-004,1.16557099122357382E-020)
               (0.0000000000000000,0.0000000000000000)
         (3.47253517207672288E-023,0.0000000000000000)
  (1.50685717865020624E-023,-6.82366784566185087E-009)
  (6.28563976111068323E-024,-8.83482801622896876E-008)
  (4.26296177347217108E-025,-3.53785720876611449E-008)
  (-5.64255671652048795E-005,3.45506951094710814E-021)
   (1.39834082866766290E-024,6.20390117900637238E-009)
 (-1.31701911929049810E-023,-5.84310798871920673E-008)
  (-4.55202852161727396E-005,2.78731357931302585E-021)
  (8.58504469418253260E-024,-9.49611495527936566E-008)
  (1.94104744681384069E-024,-2.14703712621159160E-008)
  (-1.50685717865020624E-023,6.82366784566185087E-009)
  (-6.28563976111068323E-024,8.83482801622896876E-008)
  (-4.26296177347217108E-025,3.53785720876611449E-008)
  (5.64255671652048795E-005,-3.45506951094710814E-021)
   (1.39834082866766290E-024,6.20390117900637238E-009)
   (1.31701911929049810E-023,5.84310798871920673E-008)
  (4.55202852161727396E-005,-2.78731357931302585E-021)
  (8.58504469418253260E-024,-9.49611495527936566E-008)
  (-1.94104744681384069E-024,2.14703712621159160E-008)
               (0.0000000000000000,0.0000000000000000)
               (0.0000000000000000,0.0000000000000000)
               (0.0000000000000000,0.0000000000000000)
               (0.0000000000000000,0.0000000000000000)
               (0.0000000000000000,0.0000000000000000)
   (2.03100791268045284E-023,2.12782165624030628E-008)
               (0.0000000000000000,0.0000000000000000)
               (0.0000000000000000,0.0000000000000000)
  (2.77432511442708404E-023,-4.66577024433223515E-008)
               (0.0000000000000000,0.0000000000000000)
               (0.0000000000000000,0.0000000000000000)
  (7.90793986429478250E-024,-2.48120938475356361E-007)
               (0.0000000000000000,0.0000000000000000)
               (0.0000000000000000,0.0000000000000000)
               (0.0000000000000000,0.0000000000000000)
               (0.0000000000000000,0.0000000000000000)
  (-2.47362555491831550E-005,1.51465880905990549E-021)
               (0.0000000000000000,0.0000000000000000)
   (5.57947876640048223E-024,3.27954397171874695E-008)
               (0.0000000000000000,0.0000000000000000)
               (0.0000000000000000,0.0000000000000000)
               (0.0000000000000000,0.0000000000000000)
  (-1.09899887218270313E-004,6.72942725542549360E-021)
               (0.0000000000000000,0.0000000000000000)
  (6.94507036643262927E-024,-3.30872245021211070E-023)
