               (0.0000000000000000,0.0000000000000000)
               (0.0000000000000000,0.0000000000000000)
               (0.0000000000000000,0.0000000000000000)
               (0.0000000000000000,0.0000000000000000)
               (0.0000000000000000,0.0000000000000000)
               (0.0000000000000000,0.0000000000000000)
  (-3.13238796499863154E-009,1.91803444751163272E-025)
  (-3.01519985163552926E-009,1.84627742354751241E-025)
  (-1.47077540243140078E-009,9.00590194426137580E-026)
               (0.0000000000000000,0.0000000000000000)
               (0.0000000000000000,0.0000000000000000)
               (0.0000000000000000,0.0000000000000000)
               (0.0000000000000000,0.0000000000000000)
               (0.0000000000000000,0.0000000000000000)
               (0.0000000000000000,0.0000000000000000)
               (0.0000000000000000,0.0000000000000000)
               (0.0000000000000000,0.0000000000000000)
               (0.0000000000000000,0.0000000000000000)
  (2.27697694004075906E-009,-1.39424626067662489E-025)
               (0.0000000000000000,0.0000000000000000)
               (0.0000000000000000,0.0000000000000000)
  (-8.79801842715236872E-009,5.38723255282578878E-025)
  (-1.45179691966972231E-008,8.88969225342756183E-025)
  (-2.06317235815351420E-008,1.26332871225099881E-024)
               (0.0000000000000000,0.0000000000000000)
               (0.0000000000000000,0.0000000000000000)
  (1.78287497861930478E-009,-1.09169606792301869E-025)
               (0.0000000000000000,0.0000000000000000)
               (0.0000000000000000,0.0000000000000000)
               (0.0000000000000000,0.0000000000000000)
               (0.0000000000000000,0.0000000000000000)
               (0.0000000000000000,0.0000000000000000)
               (0.0000000000000000,0.0000000000000000)
               (0.0000000000000000,0.0000000000000000)
               (0.0000000000000000,0.0000000000000000)
               (0.0000000000000000,0.0000000000000000)
               (0.0000000000000000,0.0000000000000000)
               (0.0000000000000000,0.0000000000000000)
               (0.0000000000000000,0.0000000000000000)
  (1.78287497861930478E-009,-1.09169606792301869E-025)
               (0.0000000000000000,0.0000000000000000)
               (0.0000000000000000,0.0000000000000000)
  (1.17401569831503193E-008,-7.18877283545124100E-025)
               (0.0000000000000000,0.0000000000000000)
               (0.0000000000000000,0.0000000000000000)
               (0.0000000000000000,0.0000000000000000)
               (0.0000000000000000,0.0000000000000000)
               (0.0000000000000000,0.0000000000000000)
  (-8.11580951854236285E-010,4.96950007468626365E-026)
               (0.0000000000000000,0.0000000000000000)
               (0.0000000000000000,0.0000000000000000)
  (-4.92658028571238499E-009,3.01666038882006151E-025)
               (0.0000000000000000,0.0000000000000000)
               (0.0000000000000000,0.0000000000000000)
               (0.0000000000000000,0.0000000000000000)
               (0.0000000000000000,0.0000000000000000)
               (0.0000000000000000,0.0000000000000000)
               (0.0000000000000000,0.0000000000000000)
  (-1.29591273113716788E-009,7.93517689080718550E-026)
               (0.0000000000000000,0.0000000000000000)
               (0.0000000000000000,0.0000000000000000)
  (-8.55644715290150152E-009,5.23931280893715192E-025)
               (0.0000000000000000,0.0000000000000000)
               (0.0000000000000000,0.0000000000000000)
               (0.0000000000000000,0.0000000000000000)
               (0.0000000000000000,0.0000000000000000)
               (0.0000000000000000,0.0000000000000000)
               (0.0000000000000000,0.0000000000000000)
               (0.0000000000000000,0.0000000000000000)
  (-1.16747175713523891E-009,7.14870275235303104E-026)
               (0.0000000000000000,0.0000000000000000)
               (0.0000000000000000,0.0000000000000000)
  (-1.69167803366848146E-008,1.03585404455999707E-024)
               (0.0000000000000000,0.0000000000000000)
               (0.0000000000000000,0.0000000000000000)
               (0.0000000000000000,0.0000000000000000)
               (0.0000000000000000,0.0000000000000000)
               (0.0000000000000000,0.0000000000000000)
  (-8.11580951854236285E-010,4.96950007468626365E-026)
  (-1.29591273113716788E-009,7.93517689080718550E-026)
  (-1.16747175713523891E-009,7.14870275235303104E-026)
               (0.0000000000000000,0.0000000000000000)
  (3.12941036690712934E-010,-1.91621119452567981E-026)
  (1.20582029770819848E-010,-7.38351983967626648E-027)
               (0.0000000000000000,0.0000000000000000)
  (2.16781259946950445E-009,-1.32740238054581613E-025)
  (6.86346130664804686E-010,-4.20265796012912051E-026)
  (-3.13238796499863154E-009,1.91803444751163272E-025)
  (-3.01519985163552926E-009,1.84627742354751241E-025)
  (-1.47077540243140078E-009,9.00590194426137580E-026)
               (0.0000000000000000,0.0000000000000000)
               (0.0000000000000000,0.0000000000000000)
               (0.0000000000000000,0.0000000000000000)
               (0.0000000000000000,0.0000000000000000)
  (-3.12941036690712934E-010,1.91621119452567981E-026)
               (0.0000000000000000,0.0000000000000000)
               (0.0000000000000000,0.0000000000000000)
  (-4.20442333597249186E-010,2.57446679032957422E-026)
               (0.0000000000000000,0.0000000000000000)
               (0.0000000000000000,0.0000000000000000)
               (0.0000000000000000,0.0000000000000000)
               (0.0000000000000000,0.0000000000000000)
               (0.0000000000000000,0.0000000000000000)
               (0.0000000000000000,0.0000000000000000)
               (0.0000000000000000,0.0000000000000000)
               (0.0000000000000000,0.0000000000000000)
               (0.0000000000000000,0.0000000000000000)
               (0.0000000000000000,0.0000000000000000)
  (1.20582029770819848E-010,-7.38351983967626648E-027)
               (0.0000000000000000,0.0000000000000000)
               (0.0000000000000000,0.0000000000000000)
  (6.86346130664804686E-010,-4.20265796012912051E-026)
               (0.0000000000000000,0.0000000000000000)
               (0.0000000000000000,0.0000000000000000)
               (0.0000000000000000,0.0000000000000000)
               (0.0000000000000000,0.0000000000000000)
               (0.0000000000000000,0.0000000000000000)
  (2.27697694004075906E-009,-1.39424626067662489E-025)
               (0.0000000000000000,0.0000000000000000)
               (0.0000000000000000,0.0000000000000000)
  (-4.92658028571238499E-009,3.01666038882006151E-025)
  (-8.55644715290150152E-009,5.23931280893715192E-025)
  (-1.69167803366848146E-008,1.03585404455999707E-024)
               (0.0000000000000000,0.0000000000000000)
  (4.20442333597249186E-010,-2.57446679032957422E-026)
  (6.86346130664804686E-010,-4.20265796012912051E-026)
               (0.0000000000000000,0.0000000000000000)
  (7.80762126770266140E-009,-4.78078919722343133E-025)
  (6.64021057385014196E-009,-4.06595631246499232E-025)
  (-8.79801842715236872E-009,5.38723255282578878E-025)
  (-1.45179691966972231E-008,8.88969225342756183E-025)
  (-2.06317235815351420E-008,1.26332871225099881E-024)
               (0.0000000000000000,0.0000000000000000)
               (0.0000000000000000,0.0000000000000000)
  (1.78287497861930478E-009,-1.09169606792301869E-025)
               (0.0000000000000000,0.0000000000000000)
               (0.0000000000000000,0.0000000000000000)
               (0.0000000000000000,0.0000000000000000)
               (0.0000000000000000,0.0000000000000000)
  (-2.16781259946950445E-009,1.32740238054581613E-025)
               (0.0000000000000000,0.0000000000000000)
               (0.0000000000000000,0.0000000000000000)
  (-7.80762126770266140E-009,4.78078919722343133E-025)
               (0.0000000000000000,0.0000000000000000)
               (0.0000000000000000,0.0000000000000000)
               (0.0000000000000000,0.0000000000000000)
               (0.0000000000000000,0.0000000000000000)
               (0.0000000000000000,0.0000000000000000)
               (0.0000000000000000,0.0000000000000000)
               (0.0000000000000000,0.0000000000000000)
               (0.0000000000000000,0.0000000000000000)
               (0.0000000000000000,0.0000000000000000)
               (0.0000000000000000,0.0000000000000000)
               (0.0000000000000000,0.0000000000000000)
               (0.0000000000000000,0.0000000000000000)
               (0.0000000000000000,0.0000000000000000)
  (6.86346130664804686E-010,-4.20265796012912051E-026)
               (0.0000000000000000,0.0000000000000000)
               (0.0000000000000000,0.0000000000000000)
  (6.64021057385014196E-009,-4.06595631246499232E-025)
               (0.0000000000000000,0.0000000000000000)
               (0.0000000000000000,0.0000000000000000)
               (0.0000000000000000,0.0000000000000000)
               (0.0000000000000000,0.0000000000000000)
               (0.0000000000000000,0.0000000000000000)
  (1.78287497861930478E-009,-1.09169606792301869E-025)
               (0.0000000000000000,0.0000000000000000)
               (0.0000000000000000,0.0000000000000000)
  (1.17401569831503193E-008,-7.18877283545124100E-025)
               (0.0000000000000000,0.0000000000000000)
               (0.0000000000000000,0.0000000000000000)
               (0.0000000000000000,0.0000000000000000)
               (0.0000000000000000,0.0000000000000000)
               (0.0000000000000000,0.0000000000000000)
  (-1.02132726954314735E-012,6.25382585763960152E-029)
               (0.0000000000000000,0.0000000000000000)
               (0.0000000000000000,0.0000000000000000)
  (1.92237972749820700E-012,-1.17711809001322073E-028)
               (0.0000000000000000,0.0000000000000000)
               (0.0000000000000000,0.0000000000000000)
               (0.0000000000000000,0.0000000000000000)
               (0.0000000000000000,0.0000000000000000)
               (0.0000000000000000,0.0000000000000000)
  (-1.02132726954314735E-012,6.25382585763960152E-029)
               (0.0000000000000000,0.0000000000000000)
               (0.0000000000000000,0.0000000000000000)
  (1.92237972749820700E-012,-1.17711809001322073E-028)
               (0.0000000000000000,0.0000000000000000)
               (0.0000000000000000,0.0000000000000000)
               (0.0000000000000000,0.0000000000000000)
               (0.0000000000000000,0.0000000000000000)
               (0.0000000000000000,0.0000000000000000)
               (0.0000000000000000,0.0000000000000000)
  (-7.27362290850969629E-010,4.45380950655563168E-026)
               (0.0000000000000000,0.0000000000000000)
               (0.0000000000000000,0.0000000000000000)
  (-1.54184022664504840E-009,9.44104849178744340E-026)
               (0.0000000000000000,0.0000000000000000)
               (0.0000000000000000,0.0000000000000000)
               (0.0000000000000000,0.0000000000000000)
               (0.0000000000000000,0.0000000000000000)
               (0.0000000000000000,0.0000000000000000)
  (-7.27362290850969629E-010,4.45380950655563168E-026)
               (0.0000000000000000,0.0000000000000000)
               (0.0000000000000000,0.0000000000000000)
  (-1.54184022664504840E-009,9.44104849178744340E-026)
               (0.0000000000000000,0.0000000000000000)
               (0.0000000000000000,0.0000000000000000)
               (0.0000000000000000,0.0000000000000000)
               (0.0000000000000000,0.0000000000000000)
               (0.0000000000000000,0.0000000000000000)
               (0.0000000000000000,0.0000000000000000)
               (0.0000000000000000,0.0000000000000000)
  (-1.10794581321751445E-009,6.78421146892770346E-026)
               (0.0000000000000000,0.0000000000000000)
               (0.0000000000000000,0.0000000000000000)
  (-2.49873451128129506E-009,1.53003361057983229E-025)
               (0.0000000000000000,0.0000000000000000)
               (0.0000000000000000,0.0000000000000000)
               (0.0000000000000000,0.0000000000000000)
               (0.0000000000000000,0.0000000000000000)
               (0.0000000000000000,0.0000000000000000)
  (-1.10794581321751445E-009,6.78421146892770346E-026)
               (0.0000000000000000,0.0000000000000000)
               (0.0000000000000000,0.0000000000000000)
  (-2.49873451128129506E-009,1.53003361057983229E-025)
               (0.0000000000000000,0.0000000000000000)
               (0.0000000000000000,0.0000000000000000)
               (0.0000000000000000,0.0000000000000000)
               (0.0000000000000000,0.0000000000000000)
               (0.0000000000000000,0.0000000000000000)
               (0.0000000000000000,0.0000000000000000)
               (0.0000000000000000,0.0000000000000000)
               (0.0000000000000000,0.0000000000000000)
  (-1.77533548282327550E-009,1.08707945822612248E-025)
               (0.0000000000000000,0.0000000000000000)
               (0.0000000000000000,0.0000000000000000)
  (-1.32513226319743863E-008,8.11409492285815569E-025)
               (0.0000000000000000,0.0000000000000000)
               (0.0000000000000000,0.0000000000000000)
               (0.0000000000000000,0.0000000000000000)
               (0.0000000000000000,0.0000000000000000)
               (0.0000000000000000,0.0000000000000000)
  (-1.77533548282327550E-009,1.08707945822612248E-025)
               (0.0000000000000000,0.0000000000000000)
               (0.0000000000000000,0.0000000000000000)
  (-1.32513226319743863E-008,8.11409492285815569E-025)
               (0.0000000000000000,0.0000000000000000)
               (0.0000000000000000,0.0000000000000000)
               (0.0000000000000000,0.0000000000000000)
               (0.0000000000000000,0.0000000000000000)
               (0.0000000000000000,0.0000000000000000)
               (0.0000000000000000,0.0000000000000000)
  (-1.55969539978533886E-009,9.55037989495983343E-026)
  (-2.30650293237585863E-009,1.41232571667903972E-025)
  (-2.29954012066608493E-009,1.40806222414231971E-025)
               (0.0000000000000000,0.0000000000000000)
  (3.71982648165738219E-010,-2.27773679707263677E-026)
  (1.83170044177897778E-010,-1.12159304151070932E-026)
               (0.0000000000000000,0.0000000000000000)
  (1.58822995356165979E-009,-9.72510364469617953E-026)
  (-8.12317669642030667E-010,4.97401117008974997E-026)
  (-1.55969539978533886E-009,9.55037989495983343E-026)
  (-2.30650293237585863E-009,1.41232571667903972E-025)
  (-2.29954012066608493E-009,1.40806222414231971E-025)
               (0.0000000000000000,0.0000000000000000)
  (-3.71982648165738219E-010,2.27773679707263677E-026)
  (1.83170044177897778E-010,-1.12159304151070932E-026)
               (0.0000000000000000,0.0000000000000000)
  (-1.58822995356165979E-009,9.72510364469617953E-026)
  (-8.12317669642030667E-010,4.97401117008974997E-026)
  (-2.50586839140470437E-011,1.53440185230914914E-027)
  (-1.43604841360082760E-009,8.79326046568444003E-026)
  (-1.98046158838417656E-009,1.21268297252448210E-025)
  (-3.26524335848042730E-009,1.99938491370010487E-025)
               (0.0000000000000000,0.0000000000000000)
               (0.0000000000000000,0.0000000000000000)
               (0.0000000000000000,0.0000000000000000)
               (0.0000000000000000,0.0000000000000000)
  (-6.97109986229687030E-010,4.26856756644920899E-026)
               (0.0000000000000000,0.0000000000000000)
               (0.0000000000000000,0.0000000000000000)
  (-7.17318792405552009E-010,4.39231081543851928E-026)
               (0.0000000000000000,0.0000000000000000)
               (0.0000000000000000,0.0000000000000000)
               (0.0000000000000000,0.0000000000000000)
               (0.0000000000000000,0.0000000000000000)
               (0.0000000000000000,0.0000000000000000)
  (6.97109986229687030E-010,-4.26856756644920899E-026)
               (0.0000000000000000,0.0000000000000000)
               (0.0000000000000000,0.0000000000000000)
  (7.17318792405552009E-010,-4.39231081543851928E-026)
               (0.0000000000000000,0.0000000000000000)
               (0.0000000000000000,0.0000000000000000)
               (0.0000000000000000,0.0000000000000000)
               (0.0000000000000000,0.0000000000000000)
               (0.0000000000000000,0.0000000000000000)
               (0.0000000000000000,0.0000000000000000)
               (0.0000000000000000,0.0000000000000000)
               (0.0000000000000000,0.0000000000000000)
               (0.0000000000000000,0.0000000000000000)
               (0.0000000000000000,0.0000000000000000)
               (0.0000000000000000,0.0000000000000000)
  (9.84088134136731902E-010,-6.02580191774719971E-026)
               (0.0000000000000000,0.0000000000000000)
               (0.0000000000000000,0.0000000000000000)
  (9.14900008713107204E-010,-5.60214683605196193E-026)
               (0.0000000000000000,0.0000000000000000)
               (0.0000000000000000,0.0000000000000000)
               (0.0000000000000000,0.0000000000000000)
               (0.0000000000000000,0.0000000000000000)
               (0.0000000000000000,0.0000000000000000)
  (9.84088134136731902E-010,-6.02580191774719971E-026)
               (0.0000000000000000,0.0000000000000000)
               (0.0000000000000000,0.0000000000000000)
  (9.14900008713107204E-010,-5.60214683605196193E-026)
               (0.0000000000000000,0.0000000000000000)
               (0.0000000000000000,0.0000000000000000)
               (0.0000000000000000,0.0000000000000000)
               (0.0000000000000000,0.0000000000000000)
               (0.0000000000000000,0.0000000000000000)
               (0.0000000000000000,0.0000000000000000)
  (-6.33482134078845018E-010,3.87895933908346095E-026)
               (0.0000000000000000,0.0000000000000000)
               (0.0000000000000000,0.0000000000000000)
  (-2.92030968862627539E-009,1.78817395634758626E-025)
  (-4.42849176403879150E-009,2.71166913194026102E-025)
  (-4.63334945744775780E-009,2.83710829119726108E-025)
               (0.0000000000000000,0.0000000000000000)
  (4.93965168440822750E-010,-3.02466431210668432E-026)
  (4.99745538576727955E-010,-3.06005887103080055E-026)
               (0.0000000000000000,0.0000000000000000)
  (2.90148961542646839E-009,-1.77664998514565439E-025)
  (-1.27814516191402038E-009,7.82638190691840266E-026)
  (-2.92030968862627539E-009,1.78817395634758626E-025)
  (-4.42849176403879150E-009,2.71166913194026102E-025)
  (-4.63334945744775780E-009,2.83710829119726108E-025)
               (0.0000000000000000,0.0000000000000000)
  (-4.93965168440822750E-010,3.02466431210668432E-026)
  (4.99745538576727955E-010,-3.06005887103080055E-026)
               (0.0000000000000000,0.0000000000000000)
  (-2.90148961542646839E-009,1.77664998514565439E-025)
  (-1.27814516191402038E-009,7.82638190691840266E-026)
  (-4.77820367902215571E-012,2.92580592059429707E-028)
  (-2.12055302092170781E-009,1.29846423474700961E-025)
  (-3.21059729615522318E-009,1.96592385104381968E-025)
  (-6.36702289996560572E-009,3.89867710727038944E-025)
               (0.0000000000000000,0.0000000000000000)
               (0.0000000000000000,0.0000000000000000)
  (-8.89900132638918696E-010,5.44906674498528567E-026)
               (0.0000000000000000,0.0000000000000000)
               (0.0000000000000000,0.0000000000000000)
               (0.0000000000000000,0.0000000000000000)
               (0.0000000000000000,0.0000000000000000)
  (-1.30444125483646226E-009,7.98739903705615348E-026)
               (0.0000000000000000,0.0000000000000000)
               (0.0000000000000000,0.0000000000000000)
  (-1.48605171004406827E-009,9.09944235036459383E-026)
               (0.0000000000000000,0.0000000000000000)
               (0.0000000000000000,0.0000000000000000)
               (0.0000000000000000,0.0000000000000000)
               (0.0000000000000000,0.0000000000000000)
               (0.0000000000000000,0.0000000000000000)
  (1.30444125483646226E-009,-7.98739903705615348E-026)
               (0.0000000000000000,0.0000000000000000)
               (0.0000000000000000,0.0000000000000000)
  (1.48605171004406827E-009,-9.09944235036459383E-026)
               (0.0000000000000000,0.0000000000000000)
               (0.0000000000000000,0.0000000000000000)
               (0.0000000000000000,0.0000000000000000)
               (0.0000000000000000,0.0000000000000000)
               (0.0000000000000000,0.0000000000000000)
               (0.0000000000000000,0.0000000000000000)
               (0.0000000000000000,0.0000000000000000)
               (0.0000000000000000,0.0000000000000000)
               (0.0000000000000000,0.0000000000000000)
               (0.0000000000000000,0.0000000000000000)
               (0.0000000000000000,0.0000000000000000)
               (0.0000000000000000,0.0000000000000000)
               (0.0000000000000000,0.0000000000000000)
               (0.0000000000000000,0.0000000000000000)
  (1.84703406265815903E-009,-1.13098217637522341E-025)
               (0.0000000000000000,0.0000000000000000)
               (0.0000000000000000,0.0000000000000000)
  (2.00881155722802568E-009,-1.23004232182475598E-025)
               (0.0000000000000000,0.0000000000000000)
               (0.0000000000000000,0.0000000000000000)
               (0.0000000000000000,0.0000000000000000)
               (0.0000000000000000,0.0000000000000000)
               (0.0000000000000000,0.0000000000000000)
  (1.84703406265815903E-009,-1.13098217637522341E-025)
               (0.0000000000000000,0.0000000000000000)
               (0.0000000000000000,0.0000000000000000)
  (2.00881155722802568E-009,-1.23004232182475598E-025)
               (0.0000000000000000,0.0000000000000000)
               (0.0000000000000000,0.0000000000000000)
               (0.0000000000000000,0.0000000000000000)
               (0.0000000000000000,0.0000000000000000)
               (0.0000000000000000,0.0000000000000000)
               (0.0000000000000000,0.0000000000000000)
  (-8.89900132638918696E-010,5.44906674498528567E-026)
               (0.0000000000000000,0.0000000000000000)
               (0.0000000000000000,0.0000000000000000)
  (-1.50322816224193559E-009,9.20461778638872532E-026)
               (0.0000000000000000,0.0000000000000000)
               (0.0000000000000000,0.0000000000000000)
  (-6.89485197373078755E-009,4.22187920011210905E-025)
  (-1.24323114019075497E-008,7.61259518217461011E-025)
  (-4.35275190246684184E-008,2.66529184241928577E-024)
               (0.0000000000000000,0.0000000000000000)
  (1.11224350264426903E-010,-6.81052722692872304E-027)
  (6.35800653354954833E-010,-3.89315617513470622E-026)
               (0.0000000000000000,0.0000000000000000)
  (3.51768980029052239E-009,-2.15396377715953955E-025)
  (4.25038759692631710E-009,-2.60261178285571184E-025)
  (-6.89485197373078755E-009,4.22187920011210905E-025)
  (-1.24323114019075497E-008,7.61259518217461011E-025)
  (-4.35275190246684184E-008,2.66529184241928577E-024)
               (0.0000000000000000,0.0000000000000000)
  (-1.11224350264426903E-010,6.81052722692872304E-027)
  (6.35800653354954833E-010,-3.89315617513470622E-026)
               (0.0000000000000000,0.0000000000000000)
  (-3.51768980029052239E-009,2.15396377715953955E-025)
  (4.25038759692631710E-009,-2.60261178285571184E-025)
  (3.22478492067674692E-012,-1.97461126552271438E-028)
  (-1.58821778078815377E-009,9.72502910795562623E-026)
  (-2.61556869869938163E-009,1.60157391740610261E-025)
  (-2.36021194150832284E-008,1.44521299973876349E-024)
               (0.0000000000000000,0.0000000000000000)
               (0.0000000000000000,0.0000000000000000)
  (-6.94893688204527619E-010,4.25499665503686842E-026)
               (0.0000000000000000,0.0000000000000000)
               (0.0000000000000000,0.0000000000000000)
  (-1.37387290624445223E-009,8.41254528533770214E-026)
               (0.0000000000000000,0.0000000000000000)
               (0.0000000000000000,0.0000000000000000)
               (0.0000000000000000,0.0000000000000000)
               (0.0000000000000000,0.0000000000000000)
  (-1.17940639793229813E-009,7.22178135060849027E-026)
               (0.0000000000000000,0.0000000000000000)
               (0.0000000000000000,0.0000000000000000)
  (-7.23445539441312458E-009,4.42982632117116724E-025)
               (0.0000000000000000,0.0000000000000000)
               (0.0000000000000000,0.0000000000000000)
               (0.0000000000000000,0.0000000000000000)
               (0.0000000000000000,0.0000000000000000)
               (0.0000000000000000,0.0000000000000000)
  (1.17940639793229813E-009,-7.22178135060849027E-026)
               (0.0000000000000000,0.0000000000000000)
               (0.0000000000000000,0.0000000000000000)
  (7.23445539441312458E-009,-4.42982632117116724E-025)
               (0.0000000000000000,0.0000000000000000)
               (0.0000000000000000,0.0000000000000000)
               (0.0000000000000000,0.0000000000000000)
               (0.0000000000000000,0.0000000000000000)
               (0.0000000000000000,0.0000000000000000)
               (0.0000000000000000,0.0000000000000000)
               (0.0000000000000000,0.0000000000000000)
               (0.0000000000000000,0.0000000000000000)
               (0.0000000000000000,0.0000000000000000)
               (0.0000000000000000,0.0000000000000000)
               (0.0000000000000000,0.0000000000000000)
               (0.0000000000000000,0.0000000000000000)
               (0.0000000000000000,0.0000000000000000)
               (0.0000000000000000,0.0000000000000000)
               (0.0000000000000000,0.0000000000000000)
               (0.0000000000000000,0.0000000000000000)
               (0.0000000000000000,0.0000000000000000)
  (1.60268554286915098E-009,-9.81361860057221794E-026)
               (0.0000000000000000,0.0000000000000000)
               (0.0000000000000000,0.0000000000000000)
  (1.23054310190260078E-008,-7.53490335478937548E-025)
               (0.0000000000000000,0.0000000000000000)
               (0.0000000000000000,0.0000000000000000)
               (0.0000000000000000,0.0000000000000000)
               (0.0000000000000000,0.0000000000000000)
               (0.0000000000000000,0.0000000000000000)
  (1.60268554286915098E-009,-9.81361860057221794E-026)
               (0.0000000000000000,0.0000000000000000)
               (0.0000000000000000,0.0000000000000000)
  (1.23054310190260078E-008,-7.53490335478937548E-025)
               (0.0000000000000000,0.0000000000000000)
               (0.0000000000000000,0.0000000000000000)
               (0.0000000000000000,0.0000000000000000)
               (0.0000000000000000,0.0000000000000000)
               (0.0000000000000000,0.0000000000000000)
               (0.0000000000000000,0.0000000000000000)
  (-6.94893688204527619E-010,4.25499665503686842E-026)
               (0.0000000000000000,0.0000000000000000)
               (0.0000000000000000,0.0000000000000000)
  (-1.37387290624445223E-009,8.41254528533770214E-026)
               (0.0000000000000000,0.0000000000000000)
               (0.0000000000000000,0.0000000000000000)
  (-6.03615322036640457E-009,3.69607786024235251E-025)
               (0.0000000000000000,0.0000000000000000)
               (0.0000000000000000,0.0000000000000000)
               (0.0000000000000000,0.0000000000000000)
               (0.0000000000000000,0.0000000000000000)
               (0.0000000000000000,0.0000000000000000)
  (-2.56271980729838790E-010,4.70763991367923735E-026)
               (0.0000000000000000,0.0000000000000000)
               (0.0000000000000000,0.0000000000000000)
  (-4.28888938354182814E-010,7.87856198317734569E-026)
               (0.0000000000000000,0.0000000000000000)
               (0.0000000000000000,0.0000000000000000)
               (0.0000000000000000,0.0000000000000000)
               (0.0000000000000000,0.0000000000000000)
               (0.0000000000000000,0.0000000000000000)
  (-2.56271980729838790E-010,4.70763991367923735E-026)
               (0.0000000000000000,0.0000000000000000)
               (0.0000000000000000,0.0000000000000000)
  (-4.28888938354182814E-010,7.87856198317734569E-026)
               (0.0000000000000000,0.0000000000000000)
               (0.0000000000000000,0.0000000000000000)
               (0.0000000000000000,0.0000000000000000)
               (0.0000000000000000,0.0000000000000000)
               (0.0000000000000000,0.0000000000000000)
               (0.0000000000000000,0.0000000000000000)
  (-9.65049424732333365E-010,1.77276703352616949E-025)
               (0.0000000000000000,0.0000000000000000)
               (0.0000000000000000,0.0000000000000000)
  (-1.05296448146861095E-009,1.93426437276958067E-025)
               (0.0000000000000000,0.0000000000000000)
               (0.0000000000000000,0.0000000000000000)
  (-3.62098873980996590E-010,6.65164840493532160E-026)
               (0.0000000000000000,0.0000000000000000)
               (0.0000000000000000,0.0000000000000000)
               (0.0000000000000000,0.0000000000000000)
               (0.0000000000000000,0.0000000000000000)
               (0.0000000000000000,0.0000000000000000)
               (0.0000000000000000,0.0000000000000000)
  (-1.80861403311581745E-010,1.10745669327413568E-026)
               (0.0000000000000000,0.0000000000000000)
               (0.0000000000000000,0.0000000000000000)
  (-1.51626136871738961E-010,9.28442315935267726E-027)
               (0.0000000000000000,0.0000000000000000)
               (0.0000000000000000,0.0000000000000000)
               (0.0000000000000000,0.0000000000000000)
               (0.0000000000000000,0.0000000000000000)
               (0.0000000000000000,0.0000000000000000)
  (-1.80861403311581745E-010,1.10745669327413568E-026)
               (0.0000000000000000,0.0000000000000000)
               (0.0000000000000000,0.0000000000000000)
  (-1.51626136871738961E-010,9.28442315935267726E-027)
               (0.0000000000000000,0.0000000000000000)
               (0.0000000000000000,0.0000000000000000)
               (0.0000000000000000,0.0000000000000000)
               (0.0000000000000000,0.0000000000000000)
               (0.0000000000000000,0.0000000000000000)
               (0.0000000000000000,0.0000000000000000)
  (-3.21683144129887596E-010,1.96974116399161797E-026)
               (0.0000000000000000,0.0000000000000000)
               (0.0000000000000000,0.0000000000000000)
  (-3.50988163902642956E-010,2.14918265730989162E-026)
               (0.0000000000000000,0.0000000000000000)
               (0.0000000000000000,0.0000000000000000)
  (-1.20699626027620735E-010,7.39072053365041495E-027)
               (0.0000000000000000,0.0000000000000000)
               (0.0000000000000000,0.0000000000000000)
               (0.0000000000000000,0.0000000000000000)
               (0.0000000000000000,0.0000000000000000)
               (0.0000000000000000,0.0000000000000000)
               (0.0000000000000000,0.0000000000000000)
               (0.0000000000000000,0.0000000000000000)
  (-3.77753689915302352E-010,2.31307423610438475E-026)
               (0.0000000000000000,0.0000000000000000)
               (0.0000000000000000,0.0000000000000000)
  (-4.09709640936666160E-010,2.50874800176449789E-026)
               (0.0000000000000000,0.0000000000000000)
               (0.0000000000000000,0.0000000000000000)
               (0.0000000000000000,0.0000000000000000)
               (0.0000000000000000,0.0000000000000000)
               (0.0000000000000000,0.0000000000000000)
  (-3.77753689915302352E-010,2.31307423610438475E-026)
               (0.0000000000000000,0.0000000000000000)
               (0.0000000000000000,0.0000000000000000)
  (-4.09709640936666160E-010,2.50874800176449789E-026)
               (0.0000000000000000,0.0000000000000000)
               (0.0000000000000000,0.0000000000000000)
               (0.0000000000000000,0.0000000000000000)
               (0.0000000000000000,0.0000000000000000)
               (0.0000000000000000,0.0000000000000000)
               (0.0000000000000000,0.0000000000000000)
  (-8.70190447167947832E-010,5.32837972886415607E-026)
               (0.0000000000000000,0.0000000000000000)
               (0.0000000000000000,0.0000000000000000)
  (-9.70837068633949792E-010,5.94466254298083058E-026)
               (0.0000000000000000,0.0000000000000000)
               (0.0000000000000000,0.0000000000000000)
  (-3.37446529491002742E-010,2.06626406112269715E-026)
               (0.0000000000000000,0.0000000000000000)
               (0.0000000000000000,0.0000000000000000)
               (0.0000000000000000,0.0000000000000000)
               (0.0000000000000000,0.0000000000000000)
               (0.0000000000000000,0.0000000000000000)
  (-1.69585199582919173E-010,1.03840985925993531E-026)
  (-1.15756901547956566E-010,7.08806594799601513E-027)
  (-1.84763010253173434E-011,1.13134714553689225E-027)
               (0.0000000000000000,0.0000000000000000)
  (1.21482007732659310E-010,-7.43862759618976119E-027)
  (-9.89511642450666074E-011,6.05901132823124256E-027)
               (0.0000000000000000,0.0000000000000000)
  (-1.21513075792560493E-010,7.44052996619544779E-027)
  (-1.13767456944018352E-010,6.96624759968132128E-027)
  (1.69585199582919173E-010,-1.03840985925993531E-026)
  (1.15756901547956566E-010,-7.08806594799601513E-027)
  (1.84763010253173434E-011,-1.13134714553689225E-027)
               (0.0000000000000000,0.0000000000000000)
  (1.21482007732659310E-010,-7.43862759618976119E-027)
  (9.89511642450666074E-011,-6.05901132823124256E-027)
               (0.0000000000000000,0.0000000000000000)
  (-1.21513075792560493E-010,7.44052996619544779E-027)
  (1.13767456944018352E-010,-6.96624759968132128E-027)
               (0.0000000000000000,0.0000000000000000)
               (0.0000000000000000,0.0000000000000000)
               (0.0000000000000000,0.0000000000000000)
               (0.0000000000000000,0.0000000000000000)
               (0.0000000000000000,0.0000000000000000)
  (-5.57171549571467325E-010,3.41169177379334191E-026)
               (0.0000000000000000,0.0000000000000000)
               (0.0000000000000000,0.0000000000000000)
  (-6.07929332734690230E-010,3.72249355720662344E-026)
               (0.0000000000000000,0.0000000000000000)
               (0.0000000000000000,0.0000000000000000)
  (-2.09057884734401986E-010,1.28011034688250879E-026)
               (0.0000000000000000,0.0000000000000000)
               (0.0000000000000000,0.0000000000000000)
               (0.0000000000000000,0.0000000000000000)
               (0.0000000000000000,0.0000000000000000)
               (0.0000000000000000,0.0000000000000000)
  (7.53212170896326477E-011,-4.61209437083507724E-027)
  (-1.04989950830325244E-010,6.42878036134978938E-027)
  (-1.69092779068955575E-010,1.03539465322863515E-026)
               (0.0000000000000000,0.0000000000000000)
  (-3.69582511629719043E-010,2.26304019944087456E-026)
  (-2.07549740100620604E-010,1.27087562439045038E-026)
               (0.0000000000000000,0.0000000000000000)
  (6.76803875752761757E-011,-4.14422850045571363E-027)
  (-7.66374183881997823E-010,4.69268845620126939E-026)
  (7.53212170896326477E-011,-4.61209437083507724E-027)
  (-1.04989950830325244E-010,6.42878036134978938E-027)
  (-1.69092779068955575E-010,1.03539465322863515E-026)
               (0.0000000000000000,0.0000000000000000)
  (3.69582511629719043E-010,-2.26304019944087456E-026)
  (-2.07549740100620604E-010,1.27087562439045038E-026)
               (0.0000000000000000,0.0000000000000000)
  (-6.76803875752761757E-011,4.14422850045571363E-027)
  (-7.66374183881997823E-010,4.69268845620126939E-026)
  (-1.59855268473227094E-011,9.78831214312891747E-028)
  (-5.87202227496487631E-010,3.59557664177884809E-026)
  (-6.40290135436408032E-010,3.92064632443911228E-026)
  (-4.13458496658674820E-010,2.53170312256661387E-026)
               (0.0000000000000000,0.0000000000000000)
               (0.0000000000000000,0.0000000000000000)
  (-1.50721406675596632E-009,9.22902441241279731E-026)
               (0.0000000000000000,0.0000000000000000)
               (0.0000000000000000,0.0000000000000000)
  (-1.68153912874523424E-009,1.02964575582944009E-025)
               (0.0000000000000000,0.0000000000000000)
               (0.0000000000000000,0.0000000000000000)
  (-5.84474533916206235E-010,3.57887433571811618E-026)
  (-6.04885817857065123E-010,1.11115722103242561E-025)
  (-2.01628607160455858E-010,1.23461914187795701E-026)
  (-6.04885821481367627E-010,3.70385742563387175E-026)
               (0.0000000000000000,0.0000000000000000)
               (0.0000000000000000,0.0000000000000000)
               (0.0000000000000000,0.0000000000000000)
               (0.0000000000000000,0.0000000000000000)
               (0.0000000000000000,0.0000000000000000)
  (2.26739650594772796E-010,-1.38837993670338911E-026)
               (0.0000000000000000,0.0000000000000000)
               (0.0000000000000000,0.0000000000000000)
  (-8.05310940769108723E-012,4.93110732965616481E-028)
               (0.0000000000000000,0.0000000000000000)
               (0.0000000000000000,0.0000000000000000)
               (0.0000000000000000,0.0000000000000000)
               (0.0000000000000000,0.0000000000000000)
               (0.0000000000000000,0.0000000000000000)
  (-2.26739650594772796E-010,1.38837993670338911E-026)
               (0.0000000000000000,0.0000000000000000)
               (0.0000000000000000,0.0000000000000000)
  (8.05310940769108723E-012,-4.93110732965616481E-028)
               (0.0000000000000000,0.0000000000000000)
               (0.0000000000000000,0.0000000000000000)
               (0.0000000000000000,0.0000000000000000)
               (0.0000000000000000,0.0000000000000000)
               (0.0000000000000000,0.0000000000000000)
               (0.0000000000000000,0.0000000000000000)
               (0.0000000000000000,0.0000000000000000)
               (0.0000000000000000,0.0000000000000000)
               (0.0000000000000000,0.0000000000000000)
               (0.0000000000000000,0.0000000000000000)
               (0.0000000000000000,0.0000000000000000)
               (0.0000000000000000,0.0000000000000000)
               (0.0000000000000000,0.0000000000000000)
               (0.0000000000000000,0.0000000000000000)
               (0.0000000000000000,0.0000000000000000)
               (0.0000000000000000,0.0000000000000000)
               (0.0000000000000000,0.0000000000000000)
               (0.0000000000000000,0.0000000000000000)
  (-3.49230991861255493E-010,2.13842308172971019E-026)
               (0.0000000000000000,0.0000000000000000)
               (0.0000000000000000,0.0000000000000000)
               (0.0000000000000000,0.0000000000000000)
               (0.0000000000000000,0.0000000000000000)
               (0.0000000000000000,0.0000000000000000)
  (-1.09568419911734946E-009,2.01273922098809057E-025)
               (0.0000000000000000,0.0000000000000000)
               (0.0000000000000000,0.0000000000000000)
  (-5.12976761970007124E-009,9.42323024375314439E-025)
               (0.0000000000000000,0.0000000000000000)
               (0.0000000000000000,0.0000000000000000)
               (0.0000000000000000,0.0000000000000000)
               (0.0000000000000000,0.0000000000000000)
               (0.0000000000000000,0.0000000000000000)
  (-1.09568419911734946E-009,2.01273922098809057E-025)
               (0.0000000000000000,0.0000000000000000)
               (0.0000000000000000,0.0000000000000000)
  (-5.12976761970007124E-009,9.42323024375314439E-025)
               (0.0000000000000000,0.0000000000000000)
               (0.0000000000000000,0.0000000000000000)
               (0.0000000000000000,0.0000000000000000)
               (0.0000000000000000,0.0000000000000000)
               (0.0000000000000000,0.0000000000000000)
               (0.0000000000000000,0.0000000000000000)
  (-2.92983729062463511E-009,5.38202378997901968E-025)
               (0.0000000000000000,0.0000000000000000)
               (0.0000000000000000,0.0000000000000000)
  (-5.48694336189114142E-009,1.00793514378642055E-024)
               (0.0000000000000000,0.0000000000000000)
               (0.0000000000000000,0.0000000000000000)
  (-6.16852589899463717E-009,1.13313982464919961E-024)
               (0.0000000000000000,0.0000000000000000)
               (0.0000000000000000,0.0000000000000000)
               (0.0000000000000000,0.0000000000000000)
               (0.0000000000000000,0.0000000000000000)
               (0.0000000000000000,0.0000000000000000)
               (0.0000000000000000,0.0000000000000000)
  (-4.85948644882949419E-010,8.92673178758847030E-026)
               (0.0000000000000000,0.0000000000000000)
               (0.0000000000000000,0.0000000000000000)
               (0.0000000000000000,0.0000000000000000)
               (0.0000000000000000,0.0000000000000000)
               (0.0000000000000000,0.0000000000000000)
  (-1.10193515253511804E-009,6.74740678710041400E-026)
               (0.0000000000000000,0.0000000000000000)
               (0.0000000000000000,0.0000000000000000)
  (-2.00039933509712866E-009,1.22489132137159621E-025)
               (0.0000000000000000,0.0000000000000000)
               (0.0000000000000000,0.0000000000000000)
               (0.0000000000000000,0.0000000000000000)
               (0.0000000000000000,0.0000000000000000)
               (0.0000000000000000,0.0000000000000000)
  (-1.10193515253511804E-009,6.74740678710041400E-026)
               (0.0000000000000000,0.0000000000000000)
               (0.0000000000000000,0.0000000000000000)
  (-2.00039933509712866E-009,1.22489132137159621E-025)
               (0.0000000000000000,0.0000000000000000)
               (0.0000000000000000,0.0000000000000000)
               (0.0000000000000000,0.0000000000000000)
               (0.0000000000000000,0.0000000000000000)
               (0.0000000000000000,0.0000000000000000)
               (0.0000000000000000,0.0000000000000000)
  (-9.76612451270280956E-010,5.98002656227799989E-026)
               (0.0000000000000000,0.0000000000000000)
               (0.0000000000000000,0.0000000000000000)
  (-1.82898116339704138E-009,1.11992796372749428E-025)
               (0.0000000000000000,0.0000000000000000)
               (0.0000000000000000,0.0000000000000000)
  (-2.05617537255890978E-009,1.25904429424494258E-025)
               (0.0000000000000000,0.0000000000000000)
               (0.0000000000000000,0.0000000000000000)
               (0.0000000000000000,0.0000000000000000)
               (0.0000000000000000,0.0000000000000000)
               (0.0000000000000000,0.0000000000000000)
               (0.0000000000000000,0.0000000000000000)
  (-1.61982883143942154E-010,9.91859096794442780E-027)
               (0.0000000000000000,0.0000000000000000)
               (0.0000000000000000,0.0000000000000000)
               (0.0000000000000000,0.0000000000000000)
               (0.0000000000000000,0.0000000000000000)
               (0.0000000000000000,0.0000000000000000)
               (0.0000000000000000,0.0000000000000000)
  (-1.99160419778090450E-009,1.21950585299040825E-025)
               (0.0000000000000000,0.0000000000000000)
               (0.0000000000000000,0.0000000000000000)
  (-5.47024681238877546E-009,3.34956012466896250E-025)
               (0.0000000000000000,0.0000000000000000)
               (0.0000000000000000,0.0000000000000000)
               (0.0000000000000000,0.0000000000000000)
               (0.0000000000000000,0.0000000000000000)
               (0.0000000000000000,0.0000000000000000)
  (-1.99160419778090450E-009,1.21950585299040825E-025)
               (0.0000000000000000,0.0000000000000000)
               (0.0000000000000000,0.0000000000000000)
  (-5.47024681238877546E-009,3.34956012466896250E-025)
               (0.0000000000000000,0.0000000000000000)
               (0.0000000000000000,0.0000000000000000)
               (0.0000000000000000,0.0000000000000000)
               (0.0000000000000000,0.0000000000000000)
               (0.0000000000000000,0.0000000000000000)
               (0.0000000000000000,0.0000000000000000)
  (-2.81117814881517093E-009,1.72135016088974052E-025)
               (0.0000000000000000,0.0000000000000000)
               (0.0000000000000000,0.0000000000000000)
  (-5.29591042906939515E-009,3.24280987776545993E-025)
               (0.0000000000000000,0.0000000000000000)
               (0.0000000000000000,0.0000000000000000)
  (-6.02430985608225678E-009,3.68882589116149344E-025)
               (0.0000000000000000,0.0000000000000000)
               (0.0000000000000000,0.0000000000000000)
               (0.0000000000000000,0.0000000000000000)
               (0.0000000000000000,0.0000000000000000)
               (0.0000000000000000,0.0000000000000000)
               (0.0000000000000000,0.0000000000000000)
  (-4.85948649431826228E-010,2.97557729038332733E-026)
               (0.0000000000000000,0.0000000000000000)
               (0.0000000000000000,0.0000000000000000)
               (0.0000000000000000,0.0000000000000000)
               (0.0000000000000000,0.0000000000000000)
  (-1.35071761476681953E-009,8.27076001738066687E-026)
  (-1.51369853719844159E-009,9.26873034227051363E-026)
  (-4.35387024251623195E-010,2.66597662820020689E-026)
               (0.0000000000000000,0.0000000000000000)
  (-4.98746217930201502E-011,3.05393979687534838E-027)
  (4.27235676296989713E-010,-2.61606401729331570E-026)
               (0.0000000000000000,0.0000000000000000)
  (-1.77702033015687600E-009,1.08811112967319553E-025)
  (-6.41954228619094206E-010,3.93083595638740988E-026)
  (1.35071761476681953E-009,-8.27076001738066687E-026)
  (1.51369853719844159E-009,-9.26873034227051363E-026)
  (4.35387024251623195E-010,-2.66597662820020689E-026)
               (0.0000000000000000,0.0000000000000000)
  (-4.98746217930201502E-011,3.05393979687534838E-027)
  (-4.27235676296989713E-010,2.61606401729331570E-026)
               (0.0000000000000000,0.0000000000000000)
  (-1.77702033015687600E-009,1.08811112967319553E-025)
  (6.41954228619094206E-010,-3.93083595638740988E-026)
               (0.0000000000000000,0.0000000000000000)
               (0.0000000000000000,0.0000000000000000)
               (0.0000000000000000,0.0000000000000000)
               (0.0000000000000000,0.0000000000000000)
               (0.0000000000000000,0.0000000000000000)
  (-1.69154238490451100E-009,1.03577098364769461E-025)
               (0.0000000000000000,0.0000000000000000)
               (0.0000000000000000,0.0000000000000000)
  (-3.16788830109011009E-009,1.93977213399317488E-025)
               (0.0000000000000000,0.0000000000000000)
               (0.0000000000000000,0.0000000000000000)
  (-3.56140021454389670E-009,2.18072868661193976E-025)
               (0.0000000000000000,0.0000000000000000)
               (0.0000000000000000,0.0000000000000000)
               (0.0000000000000000,0.0000000000000000)
               (0.0000000000000000,0.0000000000000000)
               (0.0000000000000000,0.0000000000000000)
               (0.0000000000000000,0.0000000000000000)
  (-2.80562583561800040E-010,1.71795034959735138E-026)
               (0.0000000000000000,0.0000000000000000)
               (0.0000000000000000,0.0000000000000000)
               (0.0000000000000000,0.0000000000000000)
               (0.0000000000000000,0.0000000000000000)
  (1.75108160865656775E-009,-1.07222824354353175E-025)
  (1.71120819023661143E-009,-1.04781281642400072E-025)
  (-5.97907426371069921E-010,3.66112707945881261E-026)
               (0.0000000000000000,0.0000000000000000)
  (-8.31013036767627153E-010,5.08848727763598256E-026)
  (-1.46374606722966781E-009,8.96285967998669710E-026)
               (0.0000000000000000,0.0000000000000000)
  (-1.46563277054539447E-009,8.97441240586942224E-026)
  (-7.91044200797648574E-009,4.84374874245458212E-025)
  (1.75108160865656775E-009,-1.07222824354353175E-025)
  (1.71120819023661143E-009,-1.04781281642400072E-025)
  (-5.97907426371069921E-010,3.66112707945881261E-026)
               (0.0000000000000000,0.0000000000000000)
  (8.31013036767627153E-010,-5.08848727763598256E-026)
  (-1.46374606722966781E-009,8.96285967998669710E-026)
               (0.0000000000000000,0.0000000000000000)
  (1.46563277054539447E-009,-8.97441240586942224E-026)
  (-7.91044200797648574E-009,4.84374874245458212E-025)
  (-2.21075021116182429E-012,1.35369408490683158E-028)
  (-9.15842341386629325E-010,5.60791695951376560E-026)
  (-1.36371892942866874E-009,8.35037010930737252E-026)
  (-2.27606500096698203E-009,1.39368785904276574E-025)
               (0.0000000000000000,0.0000000000000000)
               (0.0000000000000000,0.0000000000000000)
  (-4.86910338287529949E-009,2.98146593627789150E-025)
               (0.0000000000000000,0.0000000000000000)
               (0.0000000000000000,0.0000000000000000)
  (-9.17278593548208614E-009,5.61671146757599686E-025)
               (0.0000000000000000,0.0000000000000000)
               (0.0000000000000000,0.0000000000000000)
  (-1.04344107512724192E-008,6.38923386376724843E-025)
  (-4.85948644882949316E-010,8.92673178758846801E-026)
  (-1.61982883143942128E-010,9.91859096794442493E-027)
  (-4.85948649431826125E-010,2.97557729038332676E-026)
               (0.0000000000000000,0.0000000000000000)
               (0.0000000000000000,0.0000000000000000)
               (0.0000000000000000,0.0000000000000000)
  (-2.15900501980212032E-009,3.96602788026560208E-025)
  (-7.19668355324929542E-010,4.40669773898157622E-026)
  (-2.15900506597478832E-009,1.32200932169447292E-025)
               (0.0000000000000000,0.0000000000000000)
               (0.0000000000000000,0.0000000000000000)
               (0.0000000000000000,0.0000000000000000)
               (0.0000000000000000,0.0000000000000000)
               (0.0000000000000000,0.0000000000000000)
  (1.81971830641585899E-009,-1.11425609965101204E-025)
               (0.0000000000000000,0.0000000000000000)
               (0.0000000000000000,0.0000000000000000)
  (6.22452471828013937E-010,-3.81142213622767639E-026)
               (0.0000000000000000,0.0000000000000000)
               (0.0000000000000000,0.0000000000000000)
               (0.0000000000000000,0.0000000000000000)
               (0.0000000000000000,0.0000000000000000)
               (0.0000000000000000,0.0000000000000000)
  (-1.81971830641585899E-009,1.11425609965101204E-025)
               (0.0000000000000000,0.0000000000000000)
               (0.0000000000000000,0.0000000000000000)
  (-6.22452471828013937E-010,3.81142213622767639E-026)
               (0.0000000000000000,0.0000000000000000)
               (0.0000000000000000,0.0000000000000000)
               (0.0000000000000000,0.0000000000000000)
               (0.0000000000000000,0.0000000000000000)
               (0.0000000000000000,0.0000000000000000)
               (0.0000000000000000,0.0000000000000000)
               (0.0000000000000000,0.0000000000000000)
               (0.0000000000000000,0.0000000000000000)
               (0.0000000000000000,0.0000000000000000)
               (0.0000000000000000,0.0000000000000000)
               (0.0000000000000000,0.0000000000000000)
               (0.0000000000000000,0.0000000000000000)
               (0.0000000000000000,0.0000000000000000)
               (0.0000000000000000,0.0000000000000000)
               (0.0000000000000000,0.0000000000000000)
               (0.0000000000000000,0.0000000000000000)
               (0.0000000000000000,0.0000000000000000)
               (0.0000000000000000,0.0000000000000000)
  (-2.80562583561800040E-010,1.71795034959735138E-026)
               (0.0000000000000000,0.0000000000000000)
               (0.0000000000000000,0.0000000000000000)
               (0.0000000000000000,0.0000000000000000)
               (0.0000000000000000,0.0000000000000000)
               (0.0000000000000000,0.0000000000000000)
  (-1.24650215602230980E-009,7.63262437751498457E-026)
               (0.0000000000000000,0.0000000000000000)
               (0.0000000000000000,0.0000000000000000)
