             (-0.85197626006313709,0.0000000000000000)
             (-0.76991939145701593,0.0000000000000000)
             (-0.85197538406666606,0.0000000000000000)
             (-0.45415729443168051,0.0000000000000000)
             (-0.60269489274900490,0.0000000000000000)
             (-0.85197532638466056,0.0000000000000000)
   (3.96885921271829455E-019,3.24081951013482092E-003)
   (1.09636893077616511E-019,8.95253190933918350E-004)
   (1.23616439608614047E-020,1.00940492198920692E-004)
       (-0.85197539329962024,1.04336893835668731E-016)
               (0.0000000000000000,0.0000000000000000)
               (0.0000000000000000,0.0000000000000000)
               (0.0000000000000000,0.0000000000000000)
               (0.0000000000000000,0.0000000000000000)
             (-0.85197539954017665,0.0000000000000000)
              (0.66550297256179891,0.0000000000000000)
              (0.59015168538480767,0.0000000000000000)
              (0.27296187991931609,0.0000000000000000)
  (-4.46833970070790942E-019,3.64867627154523769E-003)
               (0.0000000000000000,0.0000000000000000)
             (-0.85197539954017676,0.0000000000000000)
   (3.23648752933438779E-019,2.64279265717676237E-003)
   (2.64205852337495225E-019,2.15740455360321267E-003)
   (6.57976845103464865E-020,5.37278915413843660E-004)
       (-0.39823977057806342,4.87703060331601658E-017)
               (0.0000000000000000,0.0000000000000000)
 (-3.49871398694020339E-019,-2.85691678791782921E-003)
       (-0.85197535439572736,1.04336889071315943E-016)
         (6.37366591302321262E-017,0.0000000000000000)
         (1.41514976434119837E-016,0.0000000000000000)
               (0.0000000000000000,0.0000000000000000)
               (0.0000000000000000,0.0000000000000000)
             (-0.39823977546442457,0.0000000000000000)
               (0.0000000000000000,0.0000000000000000)
               (0.0000000000000000,0.0000000000000000)
             (-0.85197538657221206,0.0000000000000000)
              (0.96405398163106404,0.0000000000000000)
               (1.4221630057799668,0.0000000000000000)
               (1.4529022662912459,0.0000000000000000)
  (-3.49871398694020339E-019,5.54092543822923278E-004)
               (0.0000000000000000,0.0000000000000000)
             (-0.39823977546442474,0.0000000000000000)
  (-4.46833956468221901E-019,3.64867621600853398E-003)
               (0.0000000000000000,0.0000000000000000)
             (-0.85197538657221195,0.0000000000000000)
             (-0.32316196875153524,0.0000000000000000)
             (-0.41634568108958303,0.0000000000000000)
             (-0.37025309957214175,0.0000000000000000)
  (1.80907741943762490E-019,-4.03131162078343463E-004)
              (0.15706338320427293,0.0000000000000000)
              (0.16341409461591178,0.0000000000000000)
  (1.12766420778794752E-019,-1.27765590515541865E-003)
              (0.49778578645372795,0.0000000000000000)
              (0.52520331353936645,0.0000000000000000)
             (-0.85197626006313709,0.0000000000000000)
             (-0.41634568108958303,0.0000000000000000)
             (-0.52033733417555428,0.0000000000000000)
             (-0.49677159970222184,0.0000000000000000)
  (2.80796018520657507E-019,-3.84773834176573720E-004)
              (0.14991120744802955,0.0000000000000000)
              (0.25364324755368628,0.0000000000000000)
  (1.79965524204210420E-019,-1.27150828054756150E-003)
              (0.49539061654951927,0.0000000000000000)
              (0.83817939251008711,0.0000000000000000)
             (-0.76991939145701593,0.0000000000000000)
             (-0.85197538406666606,0.0000000000000000)
             (-0.37025309957214175,0.0000000000000000)
             (-0.49677159970222184,0.0000000000000000)
             (-0.75548440248314408,0.0000000000000000)
  (2.39866537130453732E-019,-8.01245204391882939E-005)
         (3.12172006780314058E-002,0.0000000000000000)
              (0.21667161760628201,0.0000000000000000)
  (2.55782558914751465E-019,-4.40536601591671496E-004)
              (0.17163684833064707,0.0000000000000000)
               (1.1912930295129396,0.0000000000000000)
             (-0.45415729443168051,0.0000000000000000)
             (-0.60269489274900490,0.0000000000000000)
             (-0.85197532638466056,0.0000000000000000)
   (4.93693280650223552E-020,4.03131162078343354E-004)
   (4.71212034136110619E-020,3.84773834176573666E-004)
   (9.81242287041865345E-021,8.01245204391880635E-005)
  (-4.51181215023731402E-002,5.52537630814226302E-018)
 (-8.33403878981451927E-020,-6.80525913768738810E-004)
 (-2.36630183354976129E-020,-1.93223208835692571E-004)
       (-0.15330874508360987,1.87749063947940346E-017)
 (-9.20027537567693872E-020,-7.51259510563825482E-004)
 (-2.61225427906984622E-020,-2.13306753442461599E-004)
   (3.96885921271829455E-019,3.24081951013482092E-003)
   (1.09636893077616511E-019,8.95253190933918350E-004)
   (1.23616439608614047E-020,1.00940492198920692E-004)
       (-0.85197539329962024,1.04336893835668731E-016)
             (-0.15706338320427293,0.0000000000000000)
             (-0.14991120744802955,0.0000000000000000)
        (-3.12172006780314058E-002,0.0000000000000000)
  (8.33403878981451927E-020,-6.80525913768738810E-004)
              (0.22002065722229153,0.0000000000000000)
         (7.52814325498598891E-002,0.0000000000000000)
  (1.78437252815742545E-020,-7.51259487693901320E-004)
              (0.13938844542091264,0.0000000000000000)
         (8.31061530291172523E-002,0.0000000000000000)
               (0.0000000000000000,0.0000000000000000)
               (0.0000000000000000,0.0000000000000000)
               (0.0000000000000000,0.0000000000000000)
               (0.0000000000000000,0.0000000000000000)
             (-0.85197539954017665,0.0000000000000000)
              (0.16341409461591178,0.0000000000000000)
              (0.25364324755368628,0.0000000000000000)
              (0.21667161760628201,0.0000000000000000)
  (-2.36630183354976129E-020,1.93223208835692571E-004)
        (-7.52814325498598891E-002,0.0000000000000000)
        (-4.51181218328547268E-002,0.0000000000000000)
  (-2.61225427906984622E-020,1.09981563852403993E-003)
             (-0.42849768263949106,0.0000000000000000)
             (-0.15330874696469249,0.0000000000000000)
              (0.66550297256179891,0.0000000000000000)
              (0.59015168538480767,0.0000000000000000)
              (0.27296187991931609,0.0000000000000000)
  (-4.46833970070790942E-019,3.64867627154523769E-003)
               (0.0000000000000000,0.0000000000000000)
             (-0.85197539954017676,0.0000000000000000)
   (1.56467719336609575E-019,1.27765590515541822E-003)
   (1.55714851187820827E-019,1.27150828054756106E-003)
   (5.39501690745897177E-020,4.40536601591672201E-004)
       (-0.15330874508360987,1.87749063947940346E-017)
 (-9.20027523563904079E-020,-7.51259487693901212E-004)
 (-1.34688569643782842E-019,-1.09981563852403971E-003)
       (-0.48187564825902102,5.90127470227465921E-017)
 (-1.72633150400863169E-019,-1.40965667636553001E-003)
 (-2.52728440237551774E-019,-2.06368436340909414E-003)
   (3.23648752933438779E-019,2.64279265717676237E-003)
   (2.64205852337495225E-019,2.15740455360321267E-003)
   (6.57976845103464865E-020,5.37278915413843660E-004)
       (-0.39823977057806342,4.87703060331601658E-017)
               (0.0000000000000000,0.0000000000000000)
 (-3.49871398694020339E-019,-2.85691678791782921E-003)
       (-0.85197535439572736,1.04336889071315943E-016)
             (-0.49778578645372795,0.0000000000000000)
             (-0.49539061654951927,0.0000000000000000)
             (-0.17163684833064707,0.0000000000000000)
  (4.74368801156708047E-019,-7.51259510563825699E-004)
              (0.13938844542091264,0.0000000000000000)
              (0.42849768263949106,0.0000000000000000)
  (1.72633150400863169E-019,-1.40965667636553001E-003)
         (6.73387609378064689E-002,0.0000000000000000)
              (0.80402926824535992,0.0000000000000000)
        (-6.37366591302321262E-017,0.0000000000000000)
        (-1.41514976434119837E-016,0.0000000000000000)
               (0.0000000000000000,0.0000000000000000)
               (0.0000000000000000,0.0000000000000000)
             (-0.39823977546442457,0.0000000000000000)
               (0.0000000000000000,0.0000000000000000)
               (0.0000000000000000,0.0000000000000000)
             (-0.85197538657221206,0.0000000000000000)
              (0.52520331353936645,0.0000000000000000)
              (0.83817939251008711,0.0000000000000000)
               (1.1912930295129396,0.0000000000000000)
  (-1.34688569643782842E-019,2.13306753442461653E-004)
        (-8.31061530291172523E-002,0.0000000000000000)
             (-0.15330874696469249,0.0000000000000000)
  (-2.52728440237551774E-019,2.06368436340909414E-003)
             (-0.80402926824535992,0.0000000000000000)
             (-0.48187566645797980,0.0000000000000000)
              (0.96405398163106404,0.0000000000000000)
               (1.4221630057799668,0.0000000000000000)
               (1.4529022662912459,0.0000000000000000)
  (-3.49871398694020339E-019,5.54092543822923278E-004)
               (0.0000000000000000,0.0000000000000000)
             (-0.39823977546442474,0.0000000000000000)
  (-4.46833956468221901E-019,3.64867621600853398E-003)
               (0.0000000000000000,0.0000000000000000)
             (-0.85197538657221195,0.0000000000000000)
         (1.14447615862570407E-002,0.0000000000000000)
         (1.35521793744238662E-002,0.0000000000000000)
         (6.79363638926520821E-003,0.0000000000000000)
  (-5.89324144089353535E-022,5.25131642944060050E-005)
        (-1.02297913895424732E-002,0.0000000000000000)
         (1.26214736894123304E-002,0.0000000000000000)
  (-2.36211011909786103E-022,7.47597973751695750E-005)
        (-1.45635316841179457E-002,0.0000000000000000)
         (1.44670309363737985E-002,0.0000000000000000)
         (1.14447615862570407E-002,0.0000000000000000)
         (1.35521793744238662E-002,0.0000000000000000)
         (6.79363638926520821E-003,0.0000000000000000)
  (-5.89324144089353535E-022,5.25131642944060050E-005)
         (1.02297913895424732E-002,0.0000000000000000)
         (1.26214736894123304E-002,0.0000000000000000)
  (-2.36211011909786103E-022,7.47597973751695750E-005)
         (1.45635316841179457E-002,0.0000000000000000)
         (1.44670309363737985E-002,0.0000000000000000)
              (0.21299275560593448,0.0000000000000000)
             (-0.10444656641726115,0.0000000000000000)
        (-2.08596362348576203E-002,0.0000000000000000)
         (4.20859525917220631E-002,0.0000000000000000)
  (1.68768534422450110E-019,-7.62328934066274682E-004)
              (0.14850497080351138,0.0000000000000000)
              (0.16781133606642637,0.0000000000000000)
  (8.90807103934714048E-021,-1.26141620405900424E-004)
         (2.45729330583200137E-002,0.0000000000000000)
              (0.36734572346685013,0.0000000000000000)
             (-0.10444656641726115,0.0000000000000000)
        (-2.08596362348576203E-002,0.0000000000000000)
         (4.20859525917220631E-002,0.0000000000000000)
  (1.68768534422450110E-019,-7.62328934066274682E-004)
             (-0.14850497080351138,0.0000000000000000)
              (0.16781133606642637,0.0000000000000000)
  (8.90807103934714048E-021,-1.26141620405900424E-004)
        (-2.45729330583200137E-002,0.0000000000000000)
              (0.36734572346685013,0.0000000000000000)
         (2.42392718594855623E-007,0.0000000000000000)
              (0.21299286366819797,0.0000000000000000)
             (-0.16664236900134122,0.0000000000000000)
        (-6.10301829251279210E-002,0.0000000000000000)
         (4.66041730812706487E-002,0.0000000000000000)
  (2.57258336907513086E-019,-8.73498871807215182E-004)
              (0.17016135462873030,0.0000000000000000)
              (0.23970255937791243,0.0000000000000000)
  (1.78158636932763110E-020,-3.11899776506744026E-004)
         (6.07594250178138395E-002,0.0000000000000000)
              (0.51670168683608464,0.0000000000000000)
             (-0.16664236900134122,0.0000000000000000)
        (-6.10301829251279210E-002,0.0000000000000000)
         (4.66041730812706487E-002,0.0000000000000000)
  (2.57258336907513086E-019,-8.73498871807215182E-004)
             (-0.17016135462873030,0.0000000000000000)
              (0.23970255937791243,0.0000000000000000)
  (1.78158636932763110E-020,-3.11899776506744026E-004)
        (-6.07594250178138395E-002,0.0000000000000000)
              (0.51670168683608464,0.0000000000000000)
         (4.08725150245167826E-002,0.0000000000000000)
              (0.19879131069473491,0.0000000000000000)
              (0.21299290392614209,0.0000000000000000)
             (-0.36422578099098624,0.0000000000000000)
             (-0.35978961880341520,0.0000000000000000)
        (-6.16399864049776841E-002,0.0000000000000000)
  (3.76337213387373885E-019,-3.33763675698083473E-004)
         (6.50186031702784661E-002,0.0000000000000000)
              (0.33867681423926510,0.0000000000000000)
  (1.61859714652737928E-019,-7.40143563596950432E-004)
              (0.14418316266458592,0.0000000000000000)
               (1.2594367597942819,0.0000000000000000)
             (-0.36422578099098624,0.0000000000000000)
             (-0.35978961880341520,0.0000000000000000)
        (-6.16399864049776841E-002,0.0000000000000000)
  (3.76337213387373885E-019,-3.33763675698083473E-004)
        (-6.50186031702784661E-002,0.0000000000000000)
              (0.33867681423926510,0.0000000000000000)
  (1.61859714652737928E-019,-7.40143563596950432E-004)
             (-0.14418316266458592,0.0000000000000000)
               (1.2594367597942819,0.0000000000000000)
         (1.56291687121512743E-002,0.0000000000000000)
              (0.12760207489018552,0.0000000000000000)
              (0.15540401171130197,0.0000000000000000)
              (0.21299289861990053,0.0000000000000000)
   (5.33724372979963056E-020,4.35819026650705510E-004)
   (6.27274300309977104E-021,5.12208348102121156E-005)
 (-2.82469275541910462E-021,-2.30653688089930841E-005)
       (-0.13079682396578329,1.60179911808336317E-017)
 (-8.20008980766048834E-020,-6.69588149285308331E-004)
 (-1.06676937053782442E-019,-8.71083299435797590E-004)
  (-3.19311576789920448E-002,3.91043900446470297E-018)
 (-6.53206287390364447E-021,-5.33383421391332241E-005)
 (-9.83256432487021776E-020,-8.02889822387063711E-004)
   (5.33724372979963056E-020,4.35819026650705510E-004)
   (6.27274300309977104E-021,5.12208348102121156E-005)
 (-2.82469275541910462E-021,-2.30653688089930841E-005)
       (-0.13079682396578329,1.60179911808336317E-017)
   (8.20008980766048834E-020,6.69588149285308331E-004)
 (-1.06676937053782442E-019,-8.71083299435797590E-004)
  (-3.19311576789920448E-002,3.91043900446470297E-018)
   (6.53206287390364447E-021,5.33383421391332241E-005)
 (-9.83256432487021776E-020,-8.02889822387063711E-004)
 (-2.17067603924924750E-019,-1.77249149827000789E-003)
 (-7.22987001634823578E-020,-5.90363694165841777E-004)
 (-8.67049455679957147E-020,-7.07999615824205062E-004)
 (-2.11725528491016556E-020,-1.72887019978258888E-004)
       (0.21299297825260102,-2.60841169057909712E-017)
        (-8.48994303169630093E-002,0.0000000000000000)
        (-9.97803997035014156E-003,0.0000000000000000)
         (4.49323285817038523E-003,0.0000000000000000)
  (1.59601759174549433E-019,-6.69588153926739668E-004)
        (-3.58159282592460104E-004,0.0000000000000000)
              (0.16969079227560982,0.0000000000000000)
  (4.90735384280925190E-021,-5.33383416380887532E-005)
        (-2.15406191284820935E-002,0.0000000000000000)
              (0.15640640550738988,0.0000000000000000)
         (8.48994303169630093E-002,0.0000000000000000)
         (9.97803997035014156E-003,0.0000000000000000)
        (-4.49323285817038523E-003,0.0000000000000000)
  (-1.59601759174549433E-019,6.69588153926739668E-004)
        (-3.58159282592460104E-004,0.0000000000000000)
             (-0.16969079227560982,0.0000000000000000)
  (-4.90735384280925190E-021,5.33383416380887532E-005)
        (-2.15406191284820935E-002,0.0000000000000000)
             (-0.15640640550738988,0.0000000000000000)
               (0.0000000000000000,0.0000000000000000)
               (0.0000000000000000,0.0000000000000000)
               (0.0000000000000000,0.0000000000000000)
               (0.0000000000000000,0.0000000000000000)
               (0.0000000000000000,0.0000000000000000)
              (0.21299297998879821,0.0000000000000000)
              (0.51228431453809220,0.0000000000000000)
              (0.58744567463587616,0.0000000000000000)
              (0.42000901465891960,0.0000000000000000)
  (-2.87675227144893550E-019,1.51125873676935573E-003)
             (-0.29439973320576635,0.0000000000000000)
             (-0.11057714245891859,0.0000000000000000)
  (-1.06895560851935883E-019,2.31737428976057629E-003)
             (-0.45143453073436951,0.0000000000000000)
              (0.18325964264250841,0.0000000000000000)
              (0.51228431453809220,0.0000000000000000)
              (0.58744567463587616,0.0000000000000000)
              (0.42000901465891960,0.0000000000000000)
  (-2.87675227144893550E-019,1.51125873676935573E-003)
              (0.29439973320576635,0.0000000000000000)
             (-0.11057714245891859,0.0000000000000000)
  (-1.06895560851935883E-019,2.31737428976057629E-003)
              (0.45143453073436951,0.0000000000000000)
              (0.18325964264250841,0.0000000000000000)
         (6.14647969259517687E-002,0.0000000000000000)
              (0.66674210833759218,0.0000000000000000)
              (0.75341525461436543,0.0000000000000000)
              (0.70436013232818517,0.0000000000000000)
  (-4.46834127157489319E-019,3.64867755576351541E-003)
               (0.0000000000000000,0.0000000000000000)
              (0.21299297998879824,0.0000000000000000)
   (1.01501407145850417E-019,8.28821892985254953E-004)
   (2.22858293012174385E-020,1.81977610222856887E-004)
 (-4.19048303159714700E-021,-3.42178937607232959E-005)
       (-0.22434821258285106,2.74747320434018486E-017)
 (-1.13824461111614163E-019,-9.29447262735135968E-004)
 (-1.74662507510603348E-019,-1.42622761331589543E-003)
  (-9.59375199119722466E-002,1.17489576678332248E-017)
 (-2.27288521848260344E-020,-1.85595166131574441E-004)
 (-1.79565548389790011E-019,-1.46626400285885909E-003)
   (1.01501407145850417E-019,8.28821892985254953E-004)
   (2.22858293012174385E-020,1.81977610222856887E-004)
 (-4.19048303159714700E-021,-3.42178937607232959E-005)
       (-0.22434821258285106,2.74747320434018486E-017)
   (1.13824461111614163E-019,9.29447262735135968E-004)
 (-1.74662507510603348E-019,-1.42622761331589543E-003)
  (-9.59375199119722466E-002,1.17489576678332248E-017)
   (2.27288521848260344E-020,1.85595166131574441E-004)
 (-1.79565548389790011E-019,-1.46626400285885909E-003)
 (-3.45555128945873499E-020,-2.82167176135910325E-004)
 (-1.12189382228777176E-019,-9.16095832689696509E-004)
 (-1.04369321760099642E-019,-8.52240194903700369E-004)
 (-3.38089176029861603E-020,-2.76070772132647375E-004)
       (0.17136640379453594,-2.09863317888371278E-017)
               (0.0000000000000000,0.0000000000000000)
 (-4.54490522061208275E-019,-3.71119677066052752E-003)
       (0.21299289962222831,-2.60841072763475394E-017)
             (-0.16145808735467640,0.0000000000000000)
        (-3.54500244597897377E-002,0.0000000000000000)
         (6.66579264820859035E-003,0.0000000000000000)
  (3.00582576201029709E-019,-9.29447273905436872E-004)
        (-4.32878701177933783E-002,0.0000000000000000)
              (0.27783530475967522,0.0000000000000000)
  (1.16410031168197265E-020,-1.85595162712189521E-004)
        (-5.97827822223686439E-002,0.0000000000000000)
              (0.28563456209988164,0.0000000000000000)
              (0.16145808735467640,0.0000000000000000)
         (3.54500244597897377E-002,0.0000000000000000)
        (-6.66579264820859035E-003,0.0000000000000000)
  (-3.00582576201029709E-019,9.29447273905436872E-004)
        (-4.32878701177933783E-002,0.0000000000000000)
             (-0.27783530475967522,0.0000000000000000)
  (-1.16410031168197265E-020,1.85595162712189521E-004)
        (-5.97827822223686439E-002,0.0000000000000000)
             (-0.28563456209988164,0.0000000000000000)
               (0.0000000000000000,0.0000000000000000)
               (0.0000000000000000,0.0000000000000000)
               (0.0000000000000000,0.0000000000000000)
               (0.0000000000000000,0.0000000000000000)
               (0.0000000000000000,0.0000000000000000)
              (0.17136640623350308,0.0000000000000000)
               (0.0000000000000000,0.0000000000000000)
               (0.0000000000000000,0.0000000000000000)
              (0.21299290374215590,0.0000000000000000)
              (0.77360404650058356,0.0000000000000000)
              (0.92283887825181876,0.0000000000000000)
              (0.71717709103958260,0.0000000000000000)
  (-4.85118385805598576E-019,1.50006020610743245E-003)
             (-0.29221820950719446,0.0000000000000000)
             (-0.31519074921521723,0.0000000000000000)
  (-2.05313961553184835E-019,3.27336722781994792E-003)
             (-0.63766608885818055,0.0000000000000000)
              (0.14749797155632999,0.0000000000000000)
              (0.77360404650058356,0.0000000000000000)
              (0.92283887825181876,0.0000000000000000)
              (0.71717709103958260,0.0000000000000000)
  (-4.85118385805598576E-019,1.50006020610743245E-003)
              (0.29221820950719446,0.0000000000000000)
             (-0.31519074921521723,0.0000000000000000)
  (-2.05313961553184835E-019,3.27336722781994792E-003)
              (0.63766608885818055,0.0000000000000000)
              (0.14749797155632999,0.0000000000000000)
         (1.31624676924103120E-002,0.0000000000000000)
              (0.68348546490065898,0.0000000000000000)
              (0.90690835459935459,0.0000000000000000)
               (1.1247417342748154,0.0000000000000000)
  (-4.54490522061208275E-019,2.15998978458574855E-003)
               (0.0000000000000000,0.0000000000000000)
              (0.17136640623350308,0.0000000000000000)
  (-4.46833964700641900E-019,3.64867624961993930E-003)
               (0.0000000000000000,0.0000000000000000)
              (0.21299290374215588,0.0000000000000000)
   (1.30994597654068438E-019,1.06965207763702001E-003)
   (1.15014670052789449E-019,9.39166073377114457E-004)
   (1.27534672914880754E-020,1.04139972783680350E-004)
       (-0.14722495300704955,1.80298567454702673E-017)
 (-2.34360168853227097E-020,-1.91369601320739557E-004)
 (-1.40601127902054918E-019,-1.14809534075363648E-003)
       (-0.37132981391999909,4.54747868045109241E-017)
 (-4.35222616496828492E-020,-3.55386242807604713E-004)
 (-4.10796055067120966E-019,-3.35440441366754733E-003)
   (1.30994597654068438E-019,1.06965207763702001E-003)
   (1.15014670052789449E-019,9.39166073377114457E-004)
   (1.27534672914880754E-020,1.04139972783680350E-004)
       (-0.14722495300704955,1.80298567454702673E-017)
   (2.34360168853227097E-020,1.91369601320739557E-004)
 (-1.40601127902054918E-019,-1.14809534075363648E-003)
       (-0.37132981391999909,4.54747868045109241E-017)
   (4.35222616496828492E-020,3.55386242807604713E-004)
 (-4.10796055067120966E-019,-3.35440441366754733E-003)
 (-6.53712817665704922E-021,-5.33797024850924540E-005)
 (-4.71705578670635871E-020,-3.85176838137912684E-004)
 (-5.55835880290532758E-020,-4.53874444103527009E-004)
 (-5.31544982391924168E-020,-4.34039431357636997E-004)
  (7.50965532264940006E-002,-9.19667535358247191E-018)
               (0.0000000000000000,0.0000000000000000)
 (-2.63647021535480607E-019,-2.15284132303909630E-003)
       (0.12157162892769585,-1.48882306233432486E-017)
               (0.0000000000000000,0.0000000000000000)
 (-4.08383169422610447E-019,-3.33470167608020682E-003)
       (0.21299288098700814,-2.60841049941912632E-017)
             (-0.20837285027242700,0.0000000000000000)
             (-0.18295361281266934,0.0000000000000000)
        (-2.02869154014487865E-002,0.0000000000000000)
  (2.48512022690046742E-019,-1.91369614782894830E-004)
             (-0.10994532923303993,0.0000000000000000)
              (0.22365393629607408,0.0000000000000000)
  (8.95075684452346136E-020,-3.55386256989027351E-004)
             (-0.30209905565695544,0.0000000000000000)
              (0.65345248749062423,0.0000000000000000)
              (0.20837285027242700,0.0000000000000000)
              (0.18295361281266934,0.0000000000000000)
         (2.02869154014487865E-002,0.0000000000000000)
  (-2.48512022690046742E-019,1.91369614782894830E-004)
             (-0.10994532923303993,0.0000000000000000)
             (-0.22365393629607408,0.0000000000000000)
  (-8.95075684452346136E-020,3.55386256989027351E-004)
             (-0.30209905565695544,0.0000000000000000)
             (-0.65345248749062423,0.0000000000000000)
               (0.0000000000000000,0.0000000000000000)
               (0.0000000000000000,0.0000000000000000)
               (0.0000000000000000,0.0000000000000000)
               (0.0000000000000000,0.0000000000000000)
               (0.0000000000000000,0.0000000000000000)
         (7.50965551310030788E-002,0.0000000000000000)
               (0.0000000000000000,0.0000000000000000)
               (0.0000000000000000,0.0000000000000000)
              (0.12157163269309691,0.0000000000000000)
               (0.0000000000000000,0.0000000000000000)
               (0.0000000000000000,0.0000000000000000)
              (0.21299289753041575,0.0000000000000000)
              (0.83672945789015296,0.0000000000000000)
               (1.2621367068480975,0.0000000000000000)
               (2.2122202308856846,0.0000000000000000)
  (-3.44332869584033184E-019,2.65157588337573669E-004)
        (-5.16538410126777606E-002,0.0000000000000000)
             (-0.29700267625016930,0.0000000000000000)
  (-5.10456265978050592E-019,2.02674639556911160E-003)
             (-0.39481894772514442,0.0000000000000000)
             (-0.60394173085586023,0.0000000000000000)
              (0.83672945789015296,0.0000000000000000)
               (1.2621367068480975,0.0000000000000000)
               (2.2122202308856846,0.0000000000000000)
  (-3.44332869584033184E-019,2.65157588337573669E-004)
         (5.16538410126777606E-002,0.0000000000000000)
             (-0.29700267625016930,0.0000000000000000)
  (-5.10456265978050592E-019,2.02674639556911160E-003)
              (0.39481894772514442,0.0000000000000000)
             (-0.60394173085586023,0.0000000000000000)
         (2.09508095384331079E-003,0.0000000000000000)
              (0.32168672560214678,0.0000000000000000)
              (0.48298887096516019,0.0000000000000000)
               (1.7683229541676300,0.0000000000000000)
  (-2.63647021535480607E-019,4.20042677513962767E-004)
               (0.0000000000000000,0.0000000000000000)
         (7.50965551310030788E-002,0.0000000000000000)
  (-4.08383169422610447E-019,8.30465529413208217E-004)
               (0.0000000000000000,0.0000000000000000)
              (0.12157163269309690,0.0000000000000000)
  (-4.46833938637647105E-019,3.64867614320968630E-003)
               (0.0000000000000000,0.0000000000000000)
              (0.21299289753041578,0.0000000000000000)
  (6.69084940568324266E-003,-8.19392730824695873E-019)
  (3.72274942639059733E-002,-4.55905316905689070E-018)
  (3.30158256487979376E-002,-4.04327252020074892E-018)
   (6.19298220112394997E-020,5.55232887102027211E-005)
  (4.76474688908293739E-002,-5.83513202646272853E-018)
  (3.79866367757739215E-002,-4.65202131378246680E-018)
   (8.13483378392381500E-021,1.24963837743761856E-004)
  (-3.19457838910074954E-002,3.91223019883754019E-018)
       (0.11899065453066915,-1.45721524199432486E-017)
  (6.69084940568324266E-003,-8.19392730824695873E-019)
  (3.72274942639059733E-002,-4.55905316905689070E-018)
  (3.30158256487979376E-002,-4.04327252020074892E-018)
   (6.19298220112394997E-020,5.55232887102027211E-005)
  (-4.76474688908293739E-002,5.83513202646272853E-018)
  (3.79866367757739215E-002,-4.65202131378246680E-018)
   (8.13483378392381500E-021,1.24963837743761856E-004)
  (3.19457838910074954E-002,-3.91223019883754019E-018)
       (0.11899065453066915,-1.45721524199432486E-017)
  (1.46761589118540731E-002,-1.79731110351799927E-018)
       (0.14930660042152777,-1.82847850297796806E-017)
       (0.14148772850480620,-1.73272493832040657E-017)
  (7.76441316205254695E-002,-9.50866372616522996E-018)
 (-3.65478805475594417E-019,-5.99106894476480914E-004)
               (0.0000000000000000,0.0000000000000000)
       (0.26904332031276401,-3.29483041053002537E-017)
  (-1.69813438910985633E-020,4.59362530388808554E-004)
               (0.0000000000000000,0.0000000000000000)
       (0.23293349132665797,-2.85261254567409481E-017)
   (2.24175724770559948E-020,2.27758214648761409E-004)
               (0.0000000000000000,0.0000000000000000)
  (6.99200999547313351E-002,-8.56274266056247138E-018)
       (0.21299290340925878,-5.21682154802500510E-017)
        (-1.04148573624440986E-002,0.0000000000000000)
         (3.89409219988844230E-002,0.0000000000000000)
         (3.31129839446871188E-002,0.0000000000000000)
  (3.89075766870238822E-020,-5.17853922591043360E-004)
         (4.24165369176272566E-002,0.0000000000000000)
         (8.04260739160565369E-002,0.0000000000000000)
  (-2.53441107380963980E-021,1.73926371720455985E-004)
        (-2.62793212424383797E-002,0.0000000000000000)
              (0.12620115565061496,0.0000000000000000)
        (-1.04148573624440986E-002,0.0000000000000000)
         (3.89409219988844230E-002,0.0000000000000000)
         (3.31129839446871188E-002,0.0000000000000000)
  (3.89075766870238822E-020,-5.17853922591043360E-004)
        (-4.24165369176272566E-002,0.0000000000000000)
         (8.04260739160565369E-002,0.0000000000000000)
  (-2.53441107380963980E-021,1.73926371720455985E-004)
         (2.62793212424383797E-002,0.0000000000000000)
              (0.12620115565061496,0.0000000000000000)
         (1.46761589371488567E-002,0.0000000000000000)
              (0.14930660135069035,0.0000000000000000)
              (0.14148772951797278,0.0000000000000000)
         (7.76441322747637719E-002,0.0000000000000000)
  (-9.73697908822626096E-020,9.91062469444429096E-004)
               (0.0000000000000000,0.0000000000000000)
              (0.26904332181606899,0.0000000000000000)
  (-2.44123432247065759E-020,8.58046357969951320E-004)
               (0.0000000000000000,0.0000000000000000)
              (0.23293349302549030,0.0000000000000000)
  (-1.82492147478995292E-021,2.57561447146806679E-004)
               (0.0000000000000000,0.0000000000000000)
         (6.99201005487739141E-002,0.0000000000000000)
  (7.09976347888010423E-002,-8.69470261911379814E-018)
              (0.21299290532354753,0.0000000000000000)
             (-0.11374258012021080,0.0000000000000000)
        (-2.69727701437393226E-002,0.0000000000000000)
         (2.38596810450908692E-002,0.0000000000000000)
  (1.07437555621455244E-019,-1.42997750951473577E-003)
              (0.27856580013059062,0.0000000000000000)
              (0.10235559437182086,0.0000000000000000)
  (2.95484359940648207E-021,-2.02778953878885631E-004)
         (3.95022168531426812E-002,0.0000000000000000)
              (0.25311895976176685,0.0000000000000000)
             (-0.11374258012021080,0.0000000000000000)
        (-2.69727701437393226E-002,0.0000000000000000)
         (2.38596810450908692E-002,0.0000000000000000)
  (1.07437555621455244E-019,-1.42997750951473577E-003)
             (-0.27856580013059062,0.0000000000000000)
              (0.10235559437182086,0.0000000000000000)
  (2.95484359940648207E-021,-2.02778953878885631E-004)
        (-3.95022168531426812E-002,0.0000000000000000)
              (0.25311895976176685,0.0000000000000000)
         (1.46761589371488550E-002,0.0000000000000000)
              (0.14930660135069038,0.0000000000000000)
              (0.14148772951797275,0.0000000000000000)
         (7.76441322747638135E-002,0.0000000000000000)
  (-9.73697908822626337E-020,9.91062469444429313E-004)
               (0.0000000000000000,0.0000000000000000)
              (0.80712996544820692,0.0000000000000000)
  (-2.44123432247065759E-020,8.58046357969951103E-004)
               (0.0000000000000000,0.0000000000000000)
              (0.69880047907647080,0.0000000000000000)
  (-1.82492147478995292E-021,2.57561447146806679E-004)
               (0.0000000000000000,0.0000000000000000)
              (0.20976030164632170,0.0000000000000000)
  (7.09976347888010700E-002,-8.69470261911380276E-018)
         (7.09976351078491913E-002,0.0000000000000000)
              (0.21299290532354764,0.0000000000000000)
   (1.86257562022722011E-020,1.52090841567930891E-004)
 (-1.86568625328221307E-021,-1.52344847126413895E-005)
 (-1.05791681510533153E-022,-8.63854713502082108E-007)
  (-5.06310020910532427E-002,6.20050946484312978E-018)
 (-2.61336606119841818E-020,-2.13397534096291923E-004)
 (-4.62106952296866933E-020,-3.77338963618756198E-004)
  (6.58377437210505307E-003,-8.06279821110682974E-019)
 (-2.03107519096027077E-021,-1.65849878571365145E-005)
 (-7.85124058912612402E-021,-6.41102458508938501E-005)
 (-1.86257562022722011E-020,-1.52090841567930891E-004)
   (1.86568625328221307E-021,1.52344847126413895E-005)
   (1.05791681510533153E-022,8.63854713502082108E-007)
  (5.06310020910532427E-002,-6.20050946484312978E-018)
 (-2.61336606119841818E-020,-2.13397534096291923E-004)
   (4.62106952296866933E-020,3.77338963618756198E-004)
  (-6.58377437210505307E-003,8.06279821110682974E-019)
 (-2.03107519096027077E-021,-1.65849878571365145E-005)
   (7.85124058912612402E-021,6.41102458508938501E-005)
               (0.0000000000000000,0.0000000000000000)
               (0.0000000000000000,0.0000000000000000)
               (0.0000000000000000,0.0000000000000000)
               (0.0000000000000000,0.0000000000000000)
               (0.0000000000000000,0.0000000000000000)
 (-1.68649424930435647E-019,-1.37712706651579929E-003)
               (0.0000000000000000,0.0000000000000000)
               (0.0000000000000000,0.0000000000000000)
 (-4.22834187970016456E-020,-3.45270319861903626E-004)
               (0.0000000000000000,0.0000000000000000)
               (0.0000000000000000,0.0000000000000000)
 (-3.16085671415972389E-021,-2.58103547824087111E-005)
               (0.0000000000000000,0.0000000000000000)
               (0.0000000000000000,0.0000000000000000)
               (0.0000000000000000,0.0000000000000000)
               (0.0000000000000000,0.0000000000000000)
       (0.21299290436640314,-2.60841078573413929E-017)
 (-9.44987966954499980E-020,-7.71641240687620761E-004)
 (-4.59570952137492970E-020,-3.75268169146638969E-004)
 (-6.61437308588382204E-021,-5.40104598539078073E-005)
       (0.16555164376902343,-2.02742290635317381E-017)
   (1.89525856377090754E-019,1.54759606772472127E-003)
 (-4.30051418836109102E-020,-3.51163634045791604E-004)
       (0.15971344081743144,-1.95592554077877652E-017)
   (5.11334986299292510E-020,4.17536710430368107E-004)
 (-3.77471219523187825E-020,-3.08228647569209482E-004)
 (-9.44987966954499980E-020,-7.71641240687620761E-004)
 (-4.59570952137492970E-020,-3.75268169146638969E-004)
 (-6.61437308588382204E-021,-5.40104598539078073E-005)
       (0.16555164376902343,-2.02742290635317381E-017)
 (-1.89525856377090754E-019,-1.54759606772472127E-003)
 (-4.30051418836109102E-020,-3.51163634045791604E-004)
       (0.15971344081743144,-1.95592554077877652E-017)
 (-5.11334986299292510E-020,-4.17536710430368107E-004)
 (-3.77471219523187825E-020,-3.08228647569209482E-004)
 (-8.62025440242629730E-020,-7.03897190032559445E-004)
 (-3.33738974970003184E-019,-2.72518555464714828E-003)
 (-2.08992171041911653E-019,-1.70655059914548825E-003)
 (-3.52495949834274875E-020,-2.87834796094696508E-004)
       (0.46599670021873507,-5.70681367336102646E-017)
               (0.0000000000000000,0.0000000000000000)
 (-1.68649424930435695E-019,-1.37712706651579950E-003)
       (0.40345264176217605,-4.94086986341592750E-017)
               (0.0000000000000000,0.0000000000000000)
 (-4.22834187970016456E-020,-3.45270319861903626E-004)
       (0.12110516559188902,-1.48311053402317058E-017)
               (0.0000000000000000,0.0000000000000000)
 (-3.16085671415972426E-021,-2.58103547824087111E-005)
  (-5.15959424369309942E-019,2.10656422107786002E-003)
 (-2.57979713633786484E-019,-2.10656423054430674E-003)
 (-7.73939140901359740E-019,-6.31969269163292022E-003)
               (0.0000000000000000,0.0000000000000000)
       (0.21299290436640325,-2.60841078573414052E-017)
              (0.15031904728943904,0.0000000000000000)
         (7.31038588248579813E-002,0.0000000000000000)
         (1.05214692442687132E-002,0.0000000000000000)
  (-1.16274512730924047E-019,1.54759606334344164E-003)
             (-0.13592675814783370,0.0000000000000000)
         (6.84081936722145262E-002,0.0000000000000000)
  (-6.08423907748525276E-021,4.17536696537614081E-004)
         (7.83754885539030138E-002,0.0000000000000000)
         (6.00442710577245575E-002,0.0000000000000000)
             (-0.15031904728943904,0.0000000000000000)
        (-7.31038588248579813E-002,0.0000000000000000)
        (-1.05214692442687132E-002,0.0000000000000000)
  (1.16274512730924047E-019,-1.54759606334344164E-003)
             (-0.13592675814783370,0.0000000000000000)
        (-6.84081936722145262E-002,0.0000000000000000)
  (6.08423907748525276E-021,-4.17536696537614081E-004)
         (7.83754885539030138E-002,0.0000000000000000)
        (-6.00442710577245575E-002,0.0000000000000000)
               (0.0000000000000000,0.0000000000000000)
               (0.0000000000000000,0.0000000000000000)
               (0.0000000000000000,0.0000000000000000)
               (0.0000000000000000,0.0000000000000000)
               (0.0000000000000000,0.0000000000000000)
              (0.46599670282253558,0.0000000000000000)
               (0.0000000000000000,0.0000000000000000)
               (0.0000000000000000,0.0000000000000000)
              (0.40345264470463993,0.0000000000000000)
               (0.0000000000000000,0.0000000000000000)
               (0.0000000000000000,0.0000000000000000)
              (0.12110516662080097,0.0000000000000000)
               (0.0000000000000000,0.0000000000000000)
               (0.0000000000000000,0.0000000000000000)
               (0.0000000000000000,0.0000000000000000)
               (0.0000000000000000,0.0000000000000000)
  (-4.46833971335787760E-019,3.64867627670997872E-003)
               (0.0000000000000000,0.0000000000000000)
              (0.21299290532354764,0.0000000000000000)
  (-7.40140251488676376E-002,9.06410389905724662E-018)
  (-3.89344003680867426E-002,4.76808887874989568E-018)
  (4.96649245627416025E-002,-6.08219908956562589E-018)
   (3.88177818195641151E-019,1.07672338762209948E-003)
  (6.20651721923779209E-002,-7.60079144639249414E-018)
  (8.04143004866076649E-002,-9.84791156965975323E-018)
  (2.86960579753003597E-020,-3.14103300703558866E-005)
  (4.06292892045051479E-002,-4.97565289759293330E-018)
       (0.38157494837994760,-4.67294539168319249E-017)
  (-7.40140251488676376E-002,9.06410389905724662E-018)
  (-3.89344003680867426E-002,4.76808887874989568E-018)
  (4.96649245627416025E-002,-6.08219908956562589E-018)
   (3.88177818195641151E-019,1.07672338762209948E-003)
  (-6.20651721923779209E-002,7.60079144639249414E-018)
  (8.04143004866076649E-002,-9.84791156965975323E-018)
  (2.86960579753003597E-020,-3.14103300703558866E-005)
  (-4.06292892045051479E-002,4.97565289759293330E-018)
       (0.38157494837994760,-4.67294539168319249E-017)
  (2.31711909693472053E-003,-2.83765248530431098E-019)
  (9.99257864648484123E-002,-1.22373794546458529E-017)
       (0.12851770684285138,-1.57388798318855837E-017)
       (0.13897209447512332,-1.70191730669763358E-017)
 (-2.83305224253998593E-019,-7.16946403738618482E-004)
               (0.0000000000000000,0.0000000000000000)
       (0.33654657566046231,-4.12150686646587791E-017)
 (-2.15442824895581543E-019,-3.68182295893881709E-004)
               (0.0000000000000000,0.0000000000000000)
       (0.54181656319272919,-6.63533919838995625E-017)
  (-1.68171954866086828E-021,2.47791091706469810E-004)
               (0.0000000000000000,0.0000000000000000)
       (0.40903265177466125,-5.00920527742592814E-017)
       (0.10952653351405858,-2.68262637379394329E-017)
  (3.65088447610006916E-002,-4.47104398771271220E-018)
  (3.65088447610006986E-002,-4.47104398771271220E-018)
               (0.0000000000000000,0.0000000000000000)
 (-9.78203016131732120E-019,-2.91056636519025766E-003)
               (0.0000000000000000,0.0000000000000000)
       (0.21299289726133624,-5.21682139744432967E-017)
             (-0.15644119293922401,0.0000000000000000)
        (-4.40932779093924782E-002,0.0000000000000000)
         (5.01557129903485582E-002,0.0000000000000000)
  (2.57779539684362483E-019,-9.61260884316313775E-004)
        (-8.45577718827650454E-002,0.0000000000000000)
              (0.24261920792609393,0.0000000000000000)
  (1.26903259118451517E-020,-2.43994981500731583E-004)
         (1.30208562298949650E-002,0.0000000000000000)
              (0.44639581588570093,0.0000000000000000)
             (-0.15644119293922401,0.0000000000000000)
        (-4.40932779093924782E-002,0.0000000000000000)
         (5.01557129903485582E-002,0.0000000000000000)
  (2.57779539684362483E-019,-9.61260884316313775E-004)
         (8.45577718827650454E-002,0.0000000000000000)
              (0.24261920792609393,0.0000000000000000)
  (1.26903259118451517E-020,-2.43994981500731583E-004)
        (-1.30208562298949650E-002,0.0000000000000000)
              (0.44639581588570093,0.0000000000000000)
         (2.31711910043291315E-003,0.0000000000000000)
         (9.99257879140365290E-002,0.0000000000000000)
              (0.12851770900073947,0.0000000000000000)
              (0.13897209807666727,0.0000000000000000)
  (-6.51682048637327004E-020,3.47331146963408984E-004)
               (0.0000000000000000,0.0000000000000000)
              (0.33654658068849330,0.0000000000000000)
  (-5.67845002887228420E-020,5.59178972384985267E-004)
               (0.0000000000000000,0.0000000000000000)
              (0.54181657269461181,0.0000000000000000)
  (-1.06757923772583191E-020,4.22140025663818612E-004)
               (0.0000000000000000,0.0000000000000000)
              (0.40903266265020716,0.0000000000000000)
  (3.65088447610006916E-002,-4.47104398771271220E-018)
              (0.10952653505194554,0.0000000000000000)
         (3.65088450173151891E-002,0.0000000000000000)
               (0.0000000000000000,0.0000000000000000)
  (-2.07253814071086464E-019,4.74145266438426749E-004)
               (0.0000000000000000,0.0000000000000000)
  (7.09976335592165664E-002,-8.69470246853312579E-018)
              (0.21299290409396315,0.0000000000000000)
             (-0.43860087533108161,0.0000000000000000)
             (-0.34631358825316066,0.0000000000000000)
        (-1.93913859780839200E-002,0.0000000000000000)
  (4.23288992247240143E-019,-1.57844626267530886E-003)
              (0.30748815285256481,0.0000000000000000)
              (0.49768111884138660,0.0000000000000000)
  (7.78083660495061199E-020,-1.49600971375612448E-003)
              (0.29142916052406181,0.0000000000000000)
               (1.0828473352347128,0.0000000000000000)
             (-0.43860087533108161,0.0000000000000000)
             (-0.34631358825316066,0.0000000000000000)
        (-1.93913859780839200E-002,0.0000000000000000)
  (4.23288992247240143E-019,-1.57844626267530886E-003)
             (-0.30748815285256481,0.0000000000000000)
              (0.49768111884138660,0.0000000000000000)
  (7.78083660495061199E-020,-1.49600971375612448E-003)
             (-0.29142916052406181,0.0000000000000000)
               (1.0828473352347128,0.0000000000000000)
         (2.31711910043291228E-003,0.0000000000000000)
         (9.99257879140365568E-002,0.0000000000000000)
              (0.12851770900073950,0.0000000000000000)
              (0.13897209807666733,0.0000000000000000)
  (-6.51682048637327245E-020,3.47331146963409092E-004)
               (0.0000000000000000,0.0000000000000000)
               (1.0096397420654797,0.0000000000000000)
  (-5.67845002887228661E-020,5.59178972384985593E-004)
               (0.0000000000000000,0.0000000000000000)
               (1.6254497180838350,0.0000000000000000)
  (-1.06757923772583191E-020,4.22140025663818612E-004)
               (0.0000000000000000,0.0000000000000000)
               (1.2270979879506212,0.0000000000000000)
  (3.65088447610006986E-002,-4.47104398771271220E-018)
         (3.65088450173151891E-002,0.0000000000000000)
              (0.10952653505194554,0.0000000000000000)
               (0.0000000000000000,0.0000000000000000)
  (-6.21761442213259295E-019,1.42243579931527987E-003)
               (0.0000000000000000,0.0000000000000000)
  (7.09976335592165941E-002,-8.69470246853312887E-018)
         (7.09976346979877410E-002,0.0000000000000000)
              (0.21299290409396324,0.0000000000000000)
   (8.97518189559068899E-020,7.32879222469819233E-004)
   (5.61730533908045615E-021,4.58687800073077689E-005)
 (-5.34399368307516314E-022,-4.36370238768745333E-006)
       (-0.23539916562070751,2.88280834699357216E-017)
   (1.16673445058525570E-020,9.52710982195547663E-005)
 (-1.76618777578003086E-019,-1.44220177072949753E-003)
  (-2.98869007169981285E-002,3.66008972995064815E-018)
   (1.12732326721006826E-020,9.20529322644470015E-005)
 (-7.05809776804835097E-020,-5.76337431024502448E-004)
 (-8.97518189559068899E-020,-7.32879222469819233E-004)
 (-5.61730533908045615E-021,-4.58687800073077689E-005)
   (5.34399368307516314E-022,4.36370238768745333E-006)
       (0.23539916562070751,-2.88280834699357216E-017)
   (1.16673445058525570E-020,9.52710982195547663E-005)
   (1.76618777578003086E-019,1.44220177072949753E-003)
  (2.98869007169981285E-002,-3.66008972995064815E-018)
   (1.12732326721006826E-020,9.20529322644470015E-005)
   (7.05809776804835097E-020,5.76337431024502448E-004)
               (0.0000000000000000,0.0000000000000000)
               (0.0000000000000000,0.0000000000000000)
               (0.0000000000000000,0.0000000000000000)
               (0.0000000000000000,0.0000000000000000)
               (0.0000000000000000,0.0000000000000000)
 (-1.12874641862042280E-019,-9.21691401402271538E-004)
               (0.0000000000000000,0.0000000000000000)
               (0.0000000000000000,0.0000000000000000)
 (-9.83536395824775532E-020,-8.03118422407046316E-004)
               (0.0000000000000000,0.0000000000000000)
               (0.0000000000000000,0.0000000000000000)
 (-1.84910148084679370E-020,-1.50990600224092992E-004)
               (0.0000000000000000,0.0000000000000000)
               (0.0000000000000000,0.0000000000000000)
               (0.0000000000000000,0.0000000000000000)
               (0.0000000000000000,0.0000000000000000)
       (0.10952653428300209,-1.34131319631381381E-017)
               (0.0000000000000000,0.0000000000000000)
 (-3.58974136033555242E-019,-2.93124627517144833E-003)
               (0.0000000000000000,0.0000000000000000)
               (0.0000000000000000,0.0000000000000000)
               (0.0000000000000000,0.0000000000000000)
       (0.21299290067764967,-2.60841074055993820E-017)
 (-2.98573489635869910E-019,-2.43803758994655829E-003)
 (-2.25484275275358068E-019,-1.84121887513519190E-003)
 (-4.99847801461241603E-020,-4.08156740833120774E-004)
       (0.39616694286048981,-4.85164578502091295E-017)
   (2.29416614059881273E-019,1.87332882476667060E-003)
   (1.84937242566441047E-019,1.51012719236694572E-003)
       (0.73601683646377858,-9.01360662893927082E-017)
   (1.85077620994003460E-019,1.51127349222459446E-003)
 (-6.27695376434141214E-020,-5.12552181350759491E-004)
 (-2.98573489635869910E-019,-2.43803758994655829E-003)
 (-2.25484275275358068E-019,-1.84121887513519190E-003)
 (-4.99847801461241603E-020,-4.08156740833120774E-004)
       (0.39616694286048981,-4.85164578502091295E-017)
 (-2.29416614059881273E-019,-1.87332882476667060E-003)
   (1.84937242566441047E-019,1.51012719236694572E-003)
       (0.73601683646377858,-9.01360662893927082E-017)
 (-1.85077620994003460E-019,-1.51127349222459446E-003)
 (-6.27695376434141214E-020,-5.12552181350759491E-004)
 (-1.60466564097407147E-020,-1.31030893374878385E-004)
 (-3.97886048822547175E-019,-3.24898617080846171E-003)
 (-4.45120993360720901E-019,-3.63468877386625847E-003)
 (-1.94046973976852031E-019,-1.58451384232015922E-003)
       (0.58291576815724411,-7.13865929646289507E-017)
               (0.0000000000000000,0.0000000000000000)
 (-1.12874641862042304E-019,-9.21691401402271971E-004)
       (0.93845381583216037,-1.14927446170647463E-016)
               (0.0000000000000000,0.0000000000000000)
 (-9.83536395824775893E-020,-8.03118422407046641E-004)
       (0.70846533482834140,-8.67619804604386153E-017)
               (0.0000000000000000,0.0000000000000000)
 (-1.84910148084679340E-020,-1.50990600224092965E-004)
 (-7.12883155170207796E-019,-7.44065287930674663E-004)
 (-2.07253814071086416E-019,-1.69235582603132319E-003)
 (-6.21761442213259102E-019,-5.07706747809396827E-003)
               (0.0000000000000000,0.0000000000000000)
       (0.10952653428300210,-1.34131319631381381E-017)
               (0.0000000000000000,0.0000000000000000)
  (-5.15959410965714020E-019,2.10656418459497299E-003)
 (-2.57979710655209917E-019,-2.10656421838334570E-003)
 (-7.73939131965629703E-019,-6.31969265515003667E-003)
               (0.0000000000000000,0.0000000000000000)
       (0.21299290067764978,-2.60841074055993912E-017)
              (0.47494025765650322,0.0000000000000000)
              (0.35867738817382727,0.0000000000000000)
         (7.95106854471560182E-002,0.0000000000000000)
  (-5.02367103679318501E-019,1.87332884109227553E-003)
         (3.12343934509706975E-002,0.0000000000000000)
             (-0.29417930529544029,0.0000000000000000)
  (-7.86022426510677245E-020,1.51127345938862180E-003)
              (0.44161424886725142,0.0000000000000000)
         (9.98473788751792074E-002,0.0000000000000000)
             (-0.47494025765650322,0.0000000000000000)
             (-0.35867738817382727,0.0000000000000000)
        (-7.95106854471560182E-002,0.0000000000000000)
  (5.02367103679318501E-019,-1.87332884109227553E-003)
         (3.12343934509706975E-002,0.0000000000000000)
              (0.29417930529544029,0.0000000000000000)
  (7.86022426510677245E-020,-1.51127345938862180E-003)
              (0.44161424886725142,0.0000000000000000)
        (-9.98473788751792074E-002,0.0000000000000000)
               (0.0000000000000000,0.0000000000000000)
               (0.0000000000000000,0.0000000000000000)
               (0.0000000000000000,0.0000000000000000)
               (0.0000000000000000,0.0000000000000000)
               (0.0000000000000000,0.0000000000000000)
              (0.58291577686604912,0.0000000000000000)
               (0.0000000000000000,0.0000000000000000)
               (0.0000000000000000,0.0000000000000000)
              (0.93845383228990364,0.0000000000000000)
               (0.0000000000000000,0.0000000000000000)
               (0.0000000000000000,0.0000000000000000)
              (0.70846535366533958,0.0000000000000000)
               (0.0000000000000000,0.0000000000000000)
               (0.0000000000000000,0.0000000000000000)
               (0.0000000000000000,0.0000000000000000)
               (0.0000000000000000,0.0000000000000000)
  (-3.58974136033555242E-019,8.21243691639637419E-004)
               (0.0000000000000000,0.0000000000000000)
              (0.10952653505194559,0.0000000000000000)
               (0.0000000000000000,0.0000000000000000)
               (0.0000000000000000,0.0000000000000000)
               (0.0000000000000000,0.0000000000000000)
  (-4.46833966176741632E-019,3.64867625564657553E-003)
               (0.0000000000000000,0.0000000000000000)
              (0.21299290409396324,0.0000000000000000)
