   0.0000000000000000     
   0.0000000000000000     
   0.0000000000000000     
   0.0000000000000000     
   0.0000000000000000     
   0.0000000000000000     
   0.0000000000000000     
   0.0000000000000000     
   0.0000000000000000     
   0.0000000000000000     
   0.0000000000000000     
   0.0000000000000000     
   0.0000000000000000     
   0.0000000000000000     
   0.0000000000000000     
   0.0000000000000000     
   0.0000000000000000     
   0.0000000000000000     
   0.0000000000000000     
   0.0000000000000000     
   0.0000000000000000     
   0.0000000000000000     
   0.0000000000000000     
   0.0000000000000000     
   0.0000000000000000     
   0.0000000000000000     
   0.0000000000000000     
   0.0000000000000000     
   0.0000000000000000     
   0.0000000000000000     
   0.0000000000000000     
   0.0000000000000000     
   0.0000000000000000     
   0.0000000000000000     
   0.0000000000000000     
   0.0000000000000000     
   0.0000000000000000     
   0.0000000000000000     
   0.0000000000000000     
   0.0000000000000000     
   0.0000000000000000     
   0.0000000000000000     
   0.0000000000000000     
   0.0000000000000000     
   0.0000000000000000     
   0.0000000000000000     
   0.0000000000000000     
   0.0000000000000000     
   0.0000000000000000     
   0.0000000000000000     
   0.0000000000000000     
   0.0000000000000000     
   0.0000000000000000     
   0.0000000000000000     
   0.0000000000000000     
   0.0000000000000000     
   0.0000000000000000     
   0.0000000000000000     
   0.0000000000000000     
   0.0000000000000000     
   0.0000000000000000     
   0.0000000000000000     
   0.0000000000000000     
   0.0000000000000000     
   0.0000000000000000     
   0.0000000000000000     
   0.0000000000000000     
   0.0000000000000000     
   0.0000000000000000     
   0.0000000000000000     
   0.0000000000000000     
   0.0000000000000000     
   0.0000000000000000     
   0.0000000000000000     
   0.0000000000000000     
   0.0000000000000000     
   0.0000000000000000     
   0.0000000000000000     
   0.0000000000000000     
   0.0000000000000000     
   0.0000000000000000     
   0.0000000000000000     
   0.0000000000000000     
   0.0000000000000000     
   0.0000000000000000     
   0.0000000000000000     
   0.0000000000000000     
   0.0000000000000000     
   0.0000000000000000     
   0.0000000000000000     
   0.0000000000000000     
   0.0000000000000000     
   0.0000000000000000     
   0.0000000000000000     
   0.0000000000000000     
   0.0000000000000000     
   0.0000000000000000     
   0.0000000000000000     
   0.0000000000000000     
   0.0000000000000000     
   0.0000000000000000     
   0.0000000000000000     
   0.0000000000000000     
   0.0000000000000000     
   0.0000000000000000     
   0.0000000000000000     
   0.0000000000000000     
   0.0000000000000000     
   0.0000000000000000     
   0.0000000000000000     
   0.0000000000000000     
   0.0000000000000000     
   0.0000000000000000     
   0.0000000000000000     
   0.0000000000000000     
   0.0000000000000000     
   0.0000000000000000     
   0.0000000000000000     
   0.0000000000000000     
   0.0000000000000000     
   0.0000000000000000     
   0.0000000000000000     
   0.0000000000000000     
   0.0000000000000000     
   0.0000000000000000     
   0.0000000000000000     
   0.0000000000000000     
   0.0000000000000000     
   0.0000000000000000     
   0.0000000000000000     
   0.0000000000000000     
   0.0000000000000000     
   0.0000000000000000     
   0.0000000000000000     
   0.0000000000000000     
   0.0000000000000000     
   4.8654907132817937E-005
   1.5588090466727206E-004
   6.4323324087871563E-004
   2.8370542878703854E-003
   1.1746743930312888E-002
   4.2441382638196794E-002
  0.11738456907913715     
  0.21221302114276300     
  0.23978872885519223     
  0.18648216923359287     
  0.11671738225234597     
   6.5502186431226600E-002
   3.6093950709018996E-002
   2.2078083155464369E-002
  -4.4683396409112224E-019
   0.0000000000000000     
   0.0000000000000000     
   0.0000000000000000     
   0.0000000000000000     
   0.0000000000000000     
   0.0000000000000000     
   0.0000000000000000     
   0.0000000000000000     
   0.0000000000000000     
   0.0000000000000000     
   0.0000000000000000     
   0.0000000000000000     
   0.0000000000000000     
   0.0000000000000000     
   0.0000000000000000     
   0.0000000000000000     
   0.0000000000000000     
   0.0000000000000000     
  -5.1618989520431449E-019
   0.0000000000000000     
   0.0000000000000000     
   0.0000000000000000     
   0.0000000000000000     
   0.0000000000000000     
   0.0000000000000000     
   0.0000000000000000     
   0.0000000000000000     
   0.0000000000000000     
   0.0000000000000000     
   0.0000000000000000     
   0.0000000000000000     
   0.0000000000000000     
   0.0000000000000000     
   0.0000000000000000     
   0.0000000000000000     
   0.0000000000000000     
   0.0000000000000000     
   0.0000000000000000     
   0.0000000000000000     
   2.4552764021396508E-005
   7.8917724580836320E-005
   3.2839105057582942E-004
   1.4784408226538057E-003
   6.4153160045683786E-003
   2.5634595698357368E-002
   8.5688623797881350E-002
  0.20429533438790062     
  0.30832640833847658     
  0.29725275411163427     
  0.20970564018942744     
  0.12465284803425154     
   7.0398691607644906E-002
   4.3467475885912064E-002
  -5.1618989520431449E-019
   0.0000000000000000     
   0.0000000000000000     
  -4.4683395730859248E-019
   0.0000000000000000     
   0.0000000000000000     
   0.0000000000000000     
   0.0000000000000000     
   0.0000000000000000     
   0.0000000000000000     
   0.0000000000000000     
   0.0000000000000000     
   0.0000000000000000     
   0.0000000000000000     
   0.0000000000000000     
   0.0000000000000000     
   0.0000000000000000     
   0.0000000000000000     
   0.0000000000000000     
   0.0000000000000000     
   0.0000000000000000     
   0.0000000000000000     
  -4.3831135590297743E-019
   0.0000000000000000     
   0.0000000000000000     
  -5.1380604568711272E-019
   0.0000000000000000     
   0.0000000000000000     
   0.0000000000000000     
   0.0000000000000000     
   0.0000000000000000     
   0.0000000000000000     
   0.0000000000000000     
   0.0000000000000000     
   0.0000000000000000     
   0.0000000000000000     
   0.0000000000000000     
   0.0000000000000000     
   0.0000000000000000     
   0.0000000000000000     
   0.0000000000000000     
   0.0000000000000000     
   0.0000000000000000     
   0.0000000000000000     
   0.0000000000000000     
   0.0000000000000000     
   0.0000000000000000     
   0.0000000000000000     
   0.0000000000000000     
   1.0229898083337220E-005
   3.2954735787349868E-005
   1.3793017884138262E-004
   6.2996043920186893E-004
   2.8269603707208484E-003
   1.2187735249083545E-002
   4.7748655193519292E-002
  0.15028253522277091     
  0.32841849443589854     
  0.44978660001050169     
  0.40145580975198580     
  0.27063508297989947     
  0.16177160380366420     
  0.10212128019383918     
  -4.3831135590297743E-019
   0.0000000000000000     
   0.0000000000000000     
  -5.1380604568711272E-019
   0.0000000000000000     
   0.0000000000000000     
  -4.4683394097882921E-019
   0.0000000000000000     
   0.0000000000000000     
   0.0000000000000000     
   0.0000000000000000     
   0.0000000000000000     
   0.0000000000000000     
   0.0000000000000000     
   0.0000000000000000     
   0.0000000000000000     
   0.0000000000000000     
   0.0000000000000000     
   0.0000000000000000     
   0.0000000000000000     
   0.0000000000000000     
   0.0000000000000000     
   0.0000000000000000     
   0.0000000000000000     
   0.0000000000000000     
  -2.7283736356222827E-019
   0.0000000000000000     
   0.0000000000000000     
  -4.0160915164686648E-019
   0.0000000000000000     
   0.0000000000000000     
  -5.1304306395824169E-019
   0.0000000000000000     
   0.0000000000000000     
   0.0000000000000000     
   0.0000000000000000     
   0.0000000000000000     
   0.0000000000000000     
   0.0000000000000000     
   0.0000000000000000     
   0.0000000000000000     
   0.0000000000000000     
   0.0000000000000000     
   0.0000000000000000     
   0.0000000000000000     
   0.0000000000000000     
   0.0000000000000000     
   0.0000000000000000     
   0.0000000000000000     
   0.0000000000000000     
   0.0000000000000000     
   0.0000000000000000     
   0.0000000000000000     
   0.0000000000000000     
   0.0000000000000000     
   0.0000000000000000     
   0.0000000000000000     
   0.0000000000000000     
   4.1760537124601358E-006
   1.3467984799674556E-005
   5.6535270886136479E-005
   2.6010315111523559E-004
   1.1876189285707549E-003
   5.3318155427365893E-003
   2.2880980992611530E-002
   8.6542492268387755E-002
  0.25724527469739961     
  0.51882729071983513     
  0.64861073475102993     
  0.54294412579718054     
  0.36159795958187602     
  0.23856986819002871     
  -2.7283736356222827E-019
   0.0000000000000000     
   0.0000000000000000     
  -4.0160915164686648E-019
   0.0000000000000000     
   0.0000000000000000     
  -5.1304306395824169E-019
   0.0000000000000000     
   0.0000000000000000     
  -4.4683390700452327E-019
   0.0000000000000000     
   0.0000000000000000     
   0.0000000000000000     
   0.0000000000000000     
   0.0000000000000000     
   0.0000000000000000     
   0.0000000000000000     
   0.0000000000000000     
   0.0000000000000000     
   0.0000000000000000     
   0.0000000000000000     
   0.0000000000000000     
   0.0000000000000000     
   0.0000000000000000     
   0.0000000000000000     
   0.0000000000000000     
   0.0000000000000000     
   0.0000000000000000     
  -1.4255449611520274E-019
   0.0000000000000000     
   0.0000000000000000     
  -2.4086427464211786E-019
   0.0000000000000000     
   0.0000000000000000     
  -4.0285667521542195E-019
   0.0000000000000000     
   0.0000000000000000     
  -5.1405415111524728E-019
   0.0000000000000000     
   0.0000000000000000     
   0.0000000000000000     
   0.0000000000000000     
   0.0000000000000000     
   0.0000000000000000     
   0.0000000000000000     
   0.0000000000000000     
   0.0000000000000000     
   0.0000000000000000     
   0.0000000000000000     
   0.0000000000000000     
   0.0000000000000000     
   0.0000000000000000     
   0.0000000000000000     
   0.0000000000000000     
   0.0000000000000000     
   0.0000000000000000     
   0.0000000000000000     
   0.0000000000000000     
   0.0000000000000000     
   0.0000000000000000     
   0.0000000000000000     
   0.0000000000000000     
   0.0000000000000000     
   0.0000000000000000     
   0.0000000000000000     
   0.0000000000000000     
   0.0000000000000000     
   1.7487563723512927E-006
   5.6428739814012685E-006
   2.3720743355631217E-005
   1.0951634243788396E-004
   5.0425869901034673E-004
   2.3094968277143344E-003
   1.0384627016982369E-002
   4.3518073192785535E-002
  0.15819299252907459     
  0.44074131748213979     
  0.80049238988481675     
  0.91099784215767876     
  0.72670914220699467     
  0.51941708892945337     
  -1.4255449611520274E-019
   0.0000000000000000     
   0.0000000000000000     
  -2.4086427464211786E-019
   0.0000000000000000     
   0.0000000000000000     
  -4.0285667521542195E-019
   0.0000000000000000     
   0.0000000000000000     
  -5.1405415111524728E-019
   0.0000000000000000     
   0.0000000000000000     
  -4.4683384017673261E-019
   0.0000000000000000     
   0.0000000000000000     
   0.0000000000000000     
   0.0000000000000000     
   0.0000000000000000     
   0.0000000000000000     
   0.0000000000000000     
   0.0000000000000000     
   0.0000000000000000     
   0.0000000000000000     
   0.0000000000000000     
   0.0000000000000000     
   0.0000000000000000     
   0.0000000000000000     
   0.0000000000000000     
   0.0000000000000000     
   0.0000000000000000     
   0.0000000000000000     
  -7.9368947911666544E-020
   0.0000000000000000     
   0.0000000000000000     
  -1.4310474607422660E-019
   0.0000000000000000     
   0.0000000000000000     
  -2.7491140950347629E-019
   0.0000000000000000     
   0.0000000000000000     
  -4.4021449756555919E-019
   0.0000000000000000     
   0.0000000000000000     
  -5.1612713908125261E-019
   0.0000000000000000     
   0.0000000000000000     
   0.0000000000000000     
   0.0000000000000000     
   0.0000000000000000     
   0.0000000000000000     
   0.0000000000000000     
   0.0000000000000000     
   0.0000000000000000     
   0.0000000000000000     
   0.0000000000000000     
   0.0000000000000000     
   0.0000000000000000     
   0.0000000000000000     
   0.0000000000000000     
   0.0000000000000000     
   0.0000000000000000     
   0.0000000000000000     
   0.0000000000000000     
   0.0000000000000000     
   0.0000000000000000     
   0.0000000000000000     
   0.0000000000000000     
   0.0000000000000000     
   0.0000000000000000     
   0.0000000000000000     
   0.0000000000000000     
   0.0000000000000000     
   0.0000000000000000     
   0.0000000000000000     
   0.0000000000000000     
   0.0000000000000000     
   8.8382893952425448E-007
   2.8525762482729625E-006
   1.1998328019044919E-005
   5.5476586431557315E-005
   2.5633907013662130E-004
   1.1839934379384858E-003
   5.4321934161570933E-003
   2.3840915254300144E-002
   9.5707308673455574E-002
  0.32162899926133415     
  0.76762413076286939     
   1.1649331823742490     
   1.1415430544126777     
  0.90376804205764316     
  -7.9368947911666544E-020
   0.0000000000000000     
   0.0000000000000000     
  -1.4310474607422660E-019
   0.0000000000000000     
   0.0000000000000000     
  -2.7491140950347629E-019
   0.0000000000000000     
   0.0000000000000000     
  -4.4021449756555919E-019
   0.0000000000000000     
   0.0000000000000000     
  -5.1612713908125261E-019
   0.0000000000000000     
   0.0000000000000000     
  -4.4683374342850718E-019
   0.0000000000000000     
   0.0000000000000000     
   0.0000000000000000     
   0.0000000000000000     
   0.0000000000000000     
   0.0000000000000000     
   0.0000000000000000     
   0.0000000000000000     
   0.0000000000000000     
   0.0000000000000000     
   0.0000000000000000     
   0.0000000000000000     
   0.0000000000000000     
   0.0000000000000000     
   0.0000000000000000     
   0.0000000000000000     
   0.0000000000000000     
   0.0000000000000000     
  -3.5731708267861740E-020
   0.0000000000000000     
   0.0000000000000000     
  -6.7568253913627124E-020
   0.0000000000000000     
   0.0000000000000000     
  -1.4444678477407139E-019
   0.0000000000000000     
   0.0000000000000000     
  -2.8045845875056516E-019
   0.0000000000000000     
   0.0000000000000000     
  -4.4096762101502466E-019
   0.0000000000000000     
   0.0000000000000000     
  -5.1421404431348465E-019
   0.0000000000000000     
   0.0000000000000000     
   0.0000000000000000     
   0.0000000000000000     
   0.0000000000000000     
   0.0000000000000000     
   0.0000000000000000     
   0.0000000000000000     
   0.0000000000000000     
   0.0000000000000000     
   0.0000000000000000     
   0.0000000000000000     
   0.0000000000000000     
   0.0000000000000000     
   0.0000000000000000     
   0.0000000000000000     
   0.0000000000000000     
   0.0000000000000000     
   0.0000000000000000     
   0.0000000000000000     
   0.0000000000000000     
   0.0000000000000000     
   0.0000000000000000     
   0.0000000000000000     
   0.0000000000000000     
   0.0000000000000000     
   0.0000000000000000     
   0.0000000000000000     
   0.0000000000000000     
   0.0000000000000000     
   0.0000000000000000     
   0.0000000000000000     
   0.0000000000000000     
   0.0000000000000000     
   0.0000000000000000     
   3.7166483637092430E-007
   1.1997423258744481E-006
   5.0483260470105927E-006
   2.3365563353225899E-005
   1.0822753543965189E-004
   5.0282397223866458E-004
   2.3397347740107860E-003
   1.0614041121570791E-002
   4.5915955401737450E-002
  0.18045941917429514     
  0.56565032300897444     
   1.2364139873875730     
   1.6866658255457476     
   1.6217139177647930     
  -3.5731708267861740E-020
   0.0000000000000000     
   0.0000000000000000     
  -6.7568253913627124E-020
   0.0000000000000000     
   0.0000000000000000     
  -1.4444678477407139E-019
   0.0000000000000000     
   0.0000000000000000     
  -2.8045845875056516E-019
   0.0000000000000000     
   0.0000000000000000     
  -4.4096762101502466E-019
   0.0000000000000000     
   0.0000000000000000     
  -5.1421404431348465E-019
   0.0000000000000000     
   0.0000000000000000     
  -4.4683351351333986E-019
   0.0000000000000000     
   0.0000000000000000     
   0.0000000000000000     
   0.0000000000000000     
   0.0000000000000000     
   0.0000000000000000     
   0.0000000000000000     
   0.0000000000000000     
   0.0000000000000000     
   0.0000000000000000     
   0.0000000000000000     
   0.0000000000000000     
   0.0000000000000000     
   0.0000000000000000     
   0.0000000000000000     
   0.0000000000000000     
   0.0000000000000000     
   0.0000000000000000     
  -1.5553637036916972E-020
   0.0000000000000000     
   0.0000000000000000     
  -3.0149735899986170E-020
   0.0000000000000000     
   0.0000000000000000     
  -6.8270983909329052E-020
   0.0000000000000000     
   0.0000000000000000     
  -1.4810065292347166E-019
   0.0000000000000000     
   0.0000000000000000     
  -2.8129252876136334E-019
   0.0000000000000000     
   0.0000000000000000     
  -4.0925190628419685E-019
   0.0000000000000000     
   0.0000000000000000     
  -5.1421364740250341E-019
   0.0000000000000000     
   0.0000000000000000     
   0.0000000000000000     
   0.0000000000000000     
   0.0000000000000000     
   0.0000000000000000     
   0.0000000000000000     
   0.0000000000000000     
   0.0000000000000000     
   0.0000000000000000     
   0.0000000000000000     
   0.0000000000000000     
   0.0000000000000000     
   0.0000000000000000     
   0.0000000000000000     
   0.0000000000000000     
   0.0000000000000000     
   0.0000000000000000     
   0.0000000000000000     
   0.0000000000000000     
   0.0000000000000000     
   0.0000000000000000     
   0.0000000000000000     
   0.0000000000000000     
   0.0000000000000000     
   0.0000000000000000     
   0.0000000000000000     
   0.0000000000000000     
   0.0000000000000000     
   0.0000000000000000     
   0.0000000000000000     
   0.0000000000000000     
   0.0000000000000000     
   0.0000000000000000     
   0.0000000000000000     
   0.0000000000000000     
   0.0000000000000000     
   0.0000000000000000     
   1.5627854389314879E-007
   5.0450979100177320E-007
   2.1233276499296960E-006
   9.8325455804209390E-006
   4.5599138382989131E-005
   2.1247710094484160E-004
   9.9576476847871393E-004
   4.5944385617568478E-003
   2.0677822447097958E-002
   8.8843387533449877E-002
  0.33285112188187177     
  0.98047335145420733     
   1.9057765107227558     
   2.3793190274876697     
  -1.5553637036916972E-020
   0.0000000000000000     
   0.0000000000000000     
  -3.0149735899986170E-020
   0.0000000000000000     
   0.0000000000000000     
  -6.8270983909329052E-020
   0.0000000000000000     
   0.0000000000000000     
  -1.4810065292347166E-019
   0.0000000000000000     
   0.0000000000000000     
  -2.8129252876136334E-019
   0.0000000000000000     
   0.0000000000000000     
  -4.0925190628419685E-019
   0.0000000000000000     
   0.0000000000000000     
  -5.1421364740250341E-019
   0.0000000000000000     
   0.0000000000000000     
  -4.4683305368327013E-019
   0.0000000000000000     
   0.0000000000000000     
   0.0000000000000000     
   0.0000000000000000     
   0.0000000000000000     
   0.0000000000000000     
   0.0000000000000000     
   0.0000000000000000     
   0.0000000000000000     
   0.0000000000000000     
   0.0000000000000000     
   0.0000000000000000     
   0.0000000000000000     
   0.0000000000000000     
   0.0000000000000000     
   0.0000000000000000     
   0.0000000000000000     
   0.0000000000000000     
  -6.6547795339616496E-021
   0.0000000000000000     
   0.0000000000000000     
  -1.3064014028506800E-020
   0.0000000000000000     
   0.0000000000000000     
  -3.0479521388793124E-020
   0.0000000000000000     
   0.0000000000000000     
  -7.0191426589309873E-020
   0.0000000000000000     
   0.0000000000000000     
  -1.4865365915722213E-019
   0.0000000000000000     
   0.0000000000000000     
  -2.4880229055078964E-019
   0.0000000000000000     
   0.0000000000000000     
  -4.0925150653453441E-019
   0.0000000000000000     
   0.0000000000000000     
  -5.1421285374679732E-019
   0.0000000000000000     
   0.0000000000000000     
   0.0000000000000000     
   0.0000000000000000     
   0.0000000000000000     
   0.0000000000000000     
   0.0000000000000000     
   0.0000000000000000     
   0.0000000000000000     
   0.0000000000000000     
   0.0000000000000000     
   0.0000000000000000     
   0.0000000000000000     
   0.0000000000000000     
   0.0000000000000000     
   0.0000000000000000     
   0.0000000000000000     
   0.0000000000000000     
   0.0000000000000000     
   0.0000000000000000     
   0.0000000000000000     
   0.0000000000000000     
   0.0000000000000000     
   0.0000000000000000     
   0.0000000000000000     
   0.0000000000000000     
   0.0000000000000000     
   0.0000000000000000     
   0.0000000000000000     
   0.0000000000000000     
   0.0000000000000000     
   0.0000000000000000     
   0.0000000000000000     
   0.0000000000000000     
   0.0000000000000000     
   0.0000000000000000     
   0.0000000000000000     
   0.0000000000000000     
   0.0000000000000000     
   0.0000000000000000     
   0.0000000000000000     
   6.5709710127427098E-008
   2.1213711758027227E-007
   8.9291082274033510E-007
   4.1358723593072458E-006
   1.9192104870905832E-005
   8.9560830853930581E-005
   4.2122847789805674E-004
   1.9602892139766537E-003
   9.0041908057965324E-003
   4.0578661673516557E-002
  0.16867316994984879     
  0.60889630469171852     
   1.6045079916431595     
   2.6653433890972207     
  -6.6547795339616496E-021
   0.0000000000000000     
   0.0000000000000000     
  -1.3064014028506800E-020
   0.0000000000000000     
   0.0000000000000000     
  -3.0479521388793124E-020
   0.0000000000000000     
   0.0000000000000000     
  -7.0191426589309873E-020
   0.0000000000000000     
   0.0000000000000000     
  -1.4865365915722213E-019
   0.0000000000000000     
   0.0000000000000000     
  -2.4880229055078964E-019
   0.0000000000000000     
   0.0000000000000000     
  -4.0925150653453441E-019
   0.0000000000000000     
   0.0000000000000000     
  -5.1421285374679732E-019
   0.0000000000000000     
   0.0000000000000000     
  -4.4683213402419996E-019
   0.0000000000000000     
   0.0000000000000000     
   0.0000000000000000     
   0.0000000000000000     
   0.0000000000000000     
   0.0000000000000000     
   0.0000000000000000     
   0.0000000000000000     
   0.0000000000000000     
   0.0000000000000000     
   0.0000000000000000     
   0.0000000000000000     
   0.0000000000000000     
   0.0000000000000000     
   0.0000000000000000     
   0.0000000000000000     
   0.0000000000000000     
   0.0000000000000000     
  -2.8226370482736683E-021
   0.0000000000000000     
   0.0000000000000000     
  -5.5766310035423380E-021
   0.0000000000000000     
   0.0000000000000000     
  -1.3210518408445265E-020
   0.0000000000000000     
   0.0000000000000000     
  -3.1382456105561758E-020
   0.0000000000000000     
   0.0000000000000000     
  -7.0483002444414310E-020
   0.0000000000000000     
   0.0000000000000000     
  -1.2777602919737777E-019
   0.0000000000000000     
   0.0000000000000000     
  -2.4880201317524073E-019
   0.0000000000000000     
   0.0000000000000000     
  -4.0925070651400498E-019
   0.0000000000000000     
   0.0000000000000000     
  -5.1421126617293664E-019
   0.0000000000000000     
   0.0000000000000000     
   0.0000000000000000     
   0.0000000000000000     
   0.0000000000000000     
   0.0000000000000000     
   0.0000000000000000     
   0.0000000000000000     
   0.0000000000000000     
   0.0000000000000000     
   0.0000000000000000     
   0.0000000000000000     
   0.0000000000000000     
   0.0000000000000000     
   0.0000000000000000     
   0.0000000000000000     
   0.0000000000000000     
   0.0000000000000000     
   0.0000000000000000     
   0.0000000000000000     
   0.0000000000000000     
   0.0000000000000000     
   0.0000000000000000     
   0.0000000000000000     
   0.0000000000000000     
   0.0000000000000000     
   0.0000000000000000     
   0.0000000000000000     
   0.0000000000000000     
   0.0000000000000000     
   0.0000000000000000     
   0.0000000000000000     
   0.0000000000000000     
   0.0000000000000000     
   0.0000000000000000     
   0.0000000000000000     
   0.0000000000000000     
   0.0000000000000000     
   0.0000000000000000     
   0.0000000000000000     
   0.0000000000000000     
   0.0000000000000000     
   0.0000000000000000     
   0.0000000000000000     
   2.7628092499905128E-008
   8.9196219697922459E-008
   3.7545671608219015E-007
   1.7392978942297414E-006
   8.0735012558235717E-006
   3.7703161664551762E-005
   1.7764659509773132E-004
   8.3029867791915358E-004
   3.8534677422192754E-003
   1.7801106544603571E-002
   7.8287100026452464E-002
  0.31916834196741328     
   1.0434040025473881     
   2.2251902099049565     
  -2.8226370482736683E-021
   0.0000000000000000     
   0.0000000000000000     
  -5.5766310035423380E-021
   0.0000000000000000     
   0.0000000000000000     
  -1.3210518408445265E-020
   0.0000000000000000     
   0.0000000000000000     
  -3.1382456105561758E-020
   0.0000000000000000     
   0.0000000000000000     
  -7.0483002444414310E-020
   0.0000000000000000     
   0.0000000000000000     
  -1.2777602919737777E-019
   0.0000000000000000     
   0.0000000000000000     
  -2.4880201317524073E-019
   0.0000000000000000     
   0.0000000000000000     
  -4.0925070651400498E-019
   0.0000000000000000     
   0.0000000000000000     
  -5.1421126617293664E-019
   0.0000000000000000     
   0.0000000000000000     
  -4.4683029471031523E-019
   0.0000000000000000     
   0.0000000000000000     
   0.0000000000000000     
   0.0000000000000000     
   0.0000000000000000     
   0.0000000000000000     
   0.0000000000000000     
   0.0000000000000000     
   0.0000000000000000     
   0.0000000000000000     
   0.0000000000000000     
   0.0000000000000000     
   0.0000000000000000     
   0.0000000000000000     
   0.0000000000000000     
   0.0000000000000000     
   0.0000000000000000     
   0.0000000000000000     
  -1.1919980855543249E-021
   0.0000000000000000     
   0.0000000000000000     
  -2.3625799739218948E-021
   0.0000000000000000     
   0.0000000000000000     
  -5.6399493419644538E-021
   0.0000000000000000     
   0.0000000000000000     
  -1.3612015737119164E-020
   0.0000000000000000     
   0.0000000000000000     
  -3.1519762881750240E-020
   0.0000000000000000     
   0.0000000000000000     
  -5.9640227876804029E-020
   0.0000000000000000     
   0.0000000000000000     
  -1.2777587643399523E-019
   0.0000000000000000     
   0.0000000000000000     
  -2.4880145859035947E-019
   0.0000000000000000     
   0.0000000000000000     
  -4.0924910578009834E-019
   0.0000000000000000     
   0.0000000000000000     
  -5.1420809116787353E-019
   0.0000000000000000     
   0.0000000000000000     
   0.0000000000000000     
   0.0000000000000000     
   0.0000000000000000     
   0.0000000000000000     
   0.0000000000000000     
   0.0000000000000000     
   0.0000000000000000     
   0.0000000000000000     
   0.0000000000000000     
   0.0000000000000000     
   0.0000000000000000     
   0.0000000000000000     
   0.0000000000000000     
   0.0000000000000000     
   0.0000000000000000     
   0.0000000000000000     
   0.0000000000000000     
   0.0000000000000000     
   0.0000000000000000     
   0.0000000000000000     
   0.0000000000000000     
   0.0000000000000000     
   0.0000000000000000     
   0.0000000000000000     
   0.0000000000000000     
   0.0000000000000000     
   0.0000000000000000     
   0.0000000000000000     
   0.0000000000000000     
   0.0000000000000000     
   0.0000000000000000     
   0.0000000000000000     
   0.0000000000000000     
   0.0000000000000000     
   0.0000000000000000     
   0.0000000000000000     
   0.0000000000000000     
   0.0000000000000000     
   0.0000000000000000     
   0.0000000000000000     
   0.0000000000000000     
   0.0000000000000000     
   0.0000000000000000     
   0.0000000000000000     
   0.0000000000000000     
   1.1616300257517303E-008
   3.7503136781995606E-008
   1.5786724343615376E-007
   7.3136411742969585E-007
   3.3953757470515635E-006
   1.5862219473839230E-005
   7.4805465631300051E-005
   3.5038963013045150E-004
   1.6346773524505932E-003
   7.6470977118581760E-003
   3.4635575144341645E-002
  0.15100108789330430     
  0.56349830451569549     
   1.4375179024935236     
  -1.1919980855543249E-021
   0.0000000000000000     
   0.0000000000000000     
  -2.3625799739218948E-021
   0.0000000000000000     
   0.0000000000000000     
  -5.6399493419644538E-021
   0.0000000000000000     
   0.0000000000000000     
  -1.3612015737119164E-020
   0.0000000000000000     
   0.0000000000000000     
  -3.1519762881750240E-020
   0.0000000000000000     
   0.0000000000000000     
  -5.9640227876804029E-020
   0.0000000000000000     
   0.0000000000000000     
  -1.2777587643399523E-019
   0.0000000000000000     
   0.0000000000000000     
  -2.4880145859035947E-019
   0.0000000000000000     
   0.0000000000000000     
  -4.0924910578009834E-019
   0.0000000000000000     
   0.0000000000000000     
  -5.1420809116787353E-019
   0.0000000000000000     
   0.0000000000000000     
  -4.4682661609958122E-019
   0.0000000000000000     
   0.0000000000000000     
   0.0000000000000000     
   0.0000000000000000     
   0.0000000000000000     
   0.0000000000000000     
   0.0000000000000000     
   0.0000000000000000     
   0.0000000000000000     
   0.0000000000000000     
   0.0000000000000000     
   0.0000000000000000     
   0.0000000000000000     
   0.0000000000000000     
   0.0000000000000000     
   0.0000000000000000     
   0.0000000000000000     
   0.0000000000000000     
   6.9714101835653908E-002
   0.0000000000000000     
   0.0000000000000000     
  0.13250147091194645     
   0.0000000000000000     
   0.0000000000000000     
  0.21030667574517947     
   0.0000000000000000     
   0.0000000000000000     
  0.21853516127217384     
   0.0000000000000000     
   0.0000000000000000     
  0.15922203475543040     
   0.0000000000000000     
   0.0000000000000000     
  0.10438038335590522     
   0.0000000000000000     
   0.0000000000000000     
   5.3131069589184968E-002
   0.0000000000000000     
   0.0000000000000000     
   2.4679379262394208E-002
   0.0000000000000000     
   0.0000000000000000     
   1.0918280264480263E-002
   0.0000000000000000     
   0.0000000000000000     
   4.7102314692556201E-003
   0.0000000000000000     
   0.0000000000000000     
   2.0061965140938244E-003
   0.0000000000000000     
   0.0000000000000000     
   0.0000000000000000     
   0.0000000000000000     
   0.0000000000000000     
   0.0000000000000000     
   0.0000000000000000     
   0.0000000000000000     
   0.0000000000000000     
   0.0000000000000000     
   0.0000000000000000     
   0.0000000000000000     
   0.0000000000000000     
   0.0000000000000000     
   0.0000000000000000     
   0.0000000000000000     
   0.0000000000000000     
   6.9714103992925616E-002
   0.0000000000000000     
   0.0000000000000000     
  0.13250147690680830     
   0.0000000000000000     
   0.0000000000000000     
  0.21030668969806601     
   0.0000000000000000     
   0.0000000000000000     
  0.21853518021368493     
   0.0000000000000000     
   0.0000000000000000     
  0.15922205092455025     
   0.0000000000000000     
   0.0000000000000000     
  0.10438039477444483     
   0.0000000000000000     
   0.0000000000000000     
   5.3131075727644937E-002
   0.0000000000000000     
   0.0000000000000000     
   2.4679382196048035E-002
   0.0000000000000000     
   0.0000000000000000     
   1.0918281581357528E-002
   0.0000000000000000     
   0.0000000000000000     
   4.7102320415590053E-003
   0.0000000000000000     
   0.0000000000000000     
   2.0061967587537751E-003
   0.0000000000000000     
   0.0000000000000000     
   0.0000000000000000     
   0.0000000000000000     
   0.0000000000000000     
   0.0000000000000000     
   0.0000000000000000     
   0.0000000000000000     
   0.0000000000000000     
   0.0000000000000000     
   0.0000000000000000     
   0.0000000000000000     
   0.0000000000000000     
   0.0000000000000000     
   0.0000000000000000     
   0.0000000000000000     
   0.0000000000000000     
   0.0000000000000000     
  0.20914231197877683     
   0.0000000000000000     
   0.0000000000000000     
  0.39750443072042491     
   0.0000000000000000     
   0.0000000000000000     
  0.63092006909419796     
   0.0000000000000000     
   0.0000000000000000     
  0.65560554064105470     
   0.0000000000000000     
   0.0000000000000000     
  0.47766615277365077     
   0.0000000000000000     
   0.0000000000000000     
  0.31314118432333449     
   0.0000000000000000     
   0.0000000000000000     
  0.15939322718293480     
   0.0000000000000000     
   0.0000000000000000     
   7.4038146588144116E-002
   0.0000000000000000     
   0.0000000000000000     
   3.2754844744072593E-002
   0.0000000000000000     
   0.0000000000000000     
   1.4130696124677013E-002
   0.0000000000000000     
   0.0000000000000000     
   6.0185902762613236E-003
   0.0000000000000000     
   0.0000000000000000     
   0.0000000000000000     
   0.0000000000000000     
   0.0000000000000000     
   0.0000000000000000     
   0.0000000000000000     
   0.0000000000000000     
   0.0000000000000000     
   0.0000000000000000     
   0.0000000000000000     
   0.0000000000000000     
   0.0000000000000000     
   0.0000000000000000     
   0.0000000000000000     
   0.0000000000000000     
   0.0000000000000000     
   0.0000000000000000     
   0.0000000000000000     
   0.0000000000000000     
   0.0000000000000000     
   0.0000000000000000     
   0.0000000000000000     
   0.0000000000000000     
   0.0000000000000000     
   0.0000000000000000     
   0.0000000000000000     
   0.0000000000000000     
   0.0000000000000000     
   0.0000000000000000     
   0.0000000000000000     
   0.0000000000000000     
   0.0000000000000000     
   0.0000000000000000     
   0.0000000000000000     
   0.0000000000000000     
   0.0000000000000000     
   0.0000000000000000     
   0.0000000000000000     
   0.0000000000000000     
   0.0000000000000000     
   0.0000000000000000     
   0.0000000000000000     
   0.0000000000000000     
   0.0000000000000000     
   0.0000000000000000     
   0.0000000000000000     
   0.0000000000000000     
   0.0000000000000000     
   0.0000000000000000     
   0.0000000000000000     
   0.0000000000000000     
   0.0000000000000000     
   0.0000000000000000     
  -3.3236473795300544E-023
  -1.0691359945502698E-022
  -4.4579835581464171E-022
  -2.0170795799931405E-021
  -8.8526405845955764E-021
  -3.6230495444768508E-020
  -1.2621211344191851E-019
  -3.1233732072712023E-019
  -4.4656432988056132E-019
  -3.2829707460415987E-019
  -1.3792052337684374E-019
  -4.0659432985885806E-020
  -1.0722880524862467E-020
  -3.4834997003435741E-021
  0.12074836638338333     
   0.0000000000000000     
   0.0000000000000000     
  0.22949927969710099     
   0.0000000000000000     
   0.0000000000000000     
  0.36426184756156410     
   0.0000000000000000     
   0.0000000000000000     
  0.37851400256366358     
   0.0000000000000000     
   0.0000000000000000     
  0.27578065388090306     
   0.0000000000000000     
   0.0000000000000000     
  0.18079212728594465     
   0.0000000000000000     
   0.0000000000000000     
   9.2025711988946046E-002
   0.0000000000000000     
   0.0000000000000000     
   4.2745938781728492E-002
   0.0000000000000000     
   0.0000000000000000     
   1.8911016149356377E-002
   0.0000000000000000     
   0.0000000000000000     
   8.1583602201605356E-003
   0.0000000000000000     
   0.0000000000000000     
   3.4748342923780753E-003
   0.0000000000000000     
   0.0000000000000000     
  -5.1595935853542432E-019
  -2.5797969900403388E-019
  -7.7393909701210173E-019
   0.0000000000000000     
   0.0000000000000000     
   0.0000000000000000     
   0.0000000000000000     
   0.0000000000000000     
   0.0000000000000000     
   0.0000000000000000     
   0.0000000000000000     
   0.0000000000000000     
   0.0000000000000000     
   0.0000000000000000     
   0.0000000000000000     
   0.0000000000000000     
   0.0000000000000000     
   0.0000000000000000     
   0.0000000000000000     
   0.0000000000000000     
  0.12074837011988754     
   0.0000000000000000     
   0.0000000000000000     
  0.22949929008050629     
   0.0000000000000000     
   0.0000000000000000     
  0.36426187172867253     
   0.0000000000000000     
   0.0000000000000000     
  0.37851403537132311     
   0.0000000000000000     
   0.0000000000000000     
  0.27578068188664018     
   0.0000000000000000     
   0.0000000000000000     
  0.18079214706343538     
   0.0000000000000000     
   0.0000000000000000     
   9.2025722621070602E-002
   0.0000000000000000     
   0.0000000000000000     
   4.2745943862965978E-002
   0.0000000000000000     
   0.0000000000000000     
   1.8911018430254709E-002
   0.0000000000000000     
   0.0000000000000000     
   8.1583612114190778E-003
   0.0000000000000000     
   0.0000000000000000     
   3.4748347161415406E-003
   0.0000000000000000     
   0.0000000000000000     
   0.0000000000000000     
   0.0000000000000000     
  -4.4683394599631284E-019
   0.0000000000000000     
   0.0000000000000000     
   0.0000000000000000     
   0.0000000000000000     
   0.0000000000000000     
   0.0000000000000000     
   0.0000000000000000     
   0.0000000000000000     
   0.0000000000000000     
   0.0000000000000000     
   0.0000000000000000     
   0.0000000000000000     
   0.0000000000000000     
   0.0000000000000000     
   0.0000000000000000     
   0.0000000000000000     
   0.0000000000000000     
   0.0000000000000000     
   3.3260381442670489E-002
   0.0000000000000000     
   0.0000000000000000     
   8.0540459229517566E-002
   0.0000000000000000     
   0.0000000000000000     
  0.18902469563493415     
   0.0000000000000000     
   0.0000000000000000     
  0.29992924301383861     
   0.0000000000000000     
   0.0000000000000000     
  0.30879457133328736     
   0.0000000000000000     
   0.0000000000000000     
  0.24652665495761095     
   0.0000000000000000     
   0.0000000000000000     
  0.14761612956524578     
   0.0000000000000000     
   0.0000000000000000     
   7.5138666113583649E-002
   0.0000000000000000     
   0.0000000000000000     
   3.4901906702602709E-002
   0.0000000000000000     
   0.0000000000000000     
   1.5440777234300202E-002
   0.0000000000000000     
   0.0000000000000000     
   6.6612720116991462E-003
   0.0000000000000000     
   0.0000000000000000     
   0.0000000000000000     
   0.0000000000000000     
  -1.2595627851545034E-018
   0.0000000000000000     
   0.0000000000000000     
   0.0000000000000000     
   0.0000000000000000     
   0.0000000000000000     
   0.0000000000000000     
   0.0000000000000000     
   0.0000000000000000     
   0.0000000000000000     
   0.0000000000000000     
   0.0000000000000000     
   0.0000000000000000     
   0.0000000000000000     
   0.0000000000000000     
   0.0000000000000000     
   0.0000000000000000     
   0.0000000000000000     
   0.0000000000000000     
   3.3260382620818207E-002
   0.0000000000000000     
   0.0000000000000000     
   8.0540463699587048E-002
   0.0000000000000000     
   0.0000000000000000     
  0.18902471283801120     
   0.0000000000000000     
   0.0000000000000000     
  0.29992928325885743     
   0.0000000000000000     
   0.0000000000000000     
  0.30879462492015047     
   0.0000000000000000     
   0.0000000000000000     
  0.24652670371181132     
   0.0000000000000000     
   0.0000000000000000     
  0.14761616186175111     
   0.0000000000000000     
   0.0000000000000000     
   7.5138683475769311E-002
   0.0000000000000000     
   0.0000000000000000     
   3.4901915000228281E-002
   0.0000000000000000     
   0.0000000000000000     
   1.5440780958991360E-002
   0.0000000000000000     
   0.0000000000000000     
   6.6612736304174662E-003
   0.0000000000000000     
   0.0000000000000000     
   0.0000000000000000     
   0.0000000000000000     
  -2.7990286303481980E-019
   0.0000000000000000     
   0.0000000000000000     
   0.0000000000000000     
   0.0000000000000000     
   0.0000000000000000     
   0.0000000000000000     
   0.0000000000000000     
   0.0000000000000000     
   0.0000000000000000     
   0.0000000000000000     
   0.0000000000000000     
   0.0000000000000000     
   0.0000000000000000     
   0.0000000000000000     
   0.0000000000000000     
   0.0000000000000000     
   0.0000000000000000     
   0.0000000000000000     
   0.0000000000000000     
   9.9781147862454622E-002
   0.0000000000000000     
   0.0000000000000000     
  0.24162139109876113     
   0.0000000000000000     
   0.0000000000000000     
  0.56707413851403354     
   0.0000000000000000     
   0.0000000000000000     
  0.89978784977657233     
   0.0000000000000000     
   0.0000000000000000     
  0.92638387476045114     
   0.0000000000000000     
   0.0000000000000000     
  0.73958011113543376     
   0.0000000000000000     
   0.0000000000000000     
  0.44284848558525336     
   0.0000000000000000     
   0.0000000000000000     
  0.22541605042730789     
   0.0000000000000000     
   0.0000000000000000     
  0.10470574500068484     
   0.0000000000000000     
   0.0000000000000000     
   4.6322342876974072E-002
   0.0000000000000000     
   0.0000000000000000     
   1.9983820891252401E-002
   0.0000000000000000     
   0.0000000000000000     
   0.0000000000000000     
   0.0000000000000000     
  -8.3970858910445961E-019
   0.0000000000000000     
   0.0000000000000000     
   0.0000000000000000     
   0.0000000000000000     
   0.0000000000000000     
   0.0000000000000000     
   0.0000000000000000     
   0.0000000000000000     
   0.0000000000000000     
   0.0000000000000000     
   0.0000000000000000     
   0.0000000000000000     
   0.0000000000000000     
   0.0000000000000000     
   0.0000000000000000     
   0.0000000000000000     
   0.0000000000000000     
   0.0000000000000000     
   0.0000000000000000     
   0.0000000000000000     
   0.0000000000000000     
   0.0000000000000000     
   0.0000000000000000     
   0.0000000000000000     
   0.0000000000000000     
   0.0000000000000000     
   0.0000000000000000     
   0.0000000000000000     
   0.0000000000000000     
   0.0000000000000000     
   0.0000000000000000     
   0.0000000000000000     
   0.0000000000000000     
   0.0000000000000000     
   0.0000000000000000     
   0.0000000000000000     
   0.0000000000000000     
   0.0000000000000000     
   0.0000000000000000     
   0.0000000000000000     
   0.0000000000000000     
   0.0000000000000000     
   0.0000000000000000     
   0.0000000000000000     
   0.0000000000000000     
   0.0000000000000000     
   0.0000000000000000     
   0.0000000000000000     
   0.0000000000000000     
   0.0000000000000000     
   0.0000000000000000     
   0.0000000000000000     
   0.0000000000000000     
   0.0000000000000000     
   0.0000000000000000     
   0.0000000000000000     
  -4.8480597996030052E-019
   0.0000000000000000     
   0.0000000000000000     
   0.0000000000000000     
   0.0000000000000000     
  -9.9002141413668759E-024
  -3.1904720434393805E-023
  -1.3366626288125197E-022
  -6.1196627011096558E-022
  -2.7618003110612383E-021
  -1.2059762802538208E-020
  -4.8499794670112133E-020
  -1.5900978194035792E-019
  -3.5562081618928560E-019
  -4.4194619149219876E-019
  -2.8418247109099648E-019
  -1.0856341747251083E-019
  -3.2455488553846394E-020
  -1.1089280598278771E-020
   5.7608670537826312E-002
   0.0000000000000000     
   0.0000000000000000     
  0.13950016745045413     
   0.0000000000000000     
   0.0000000000000000     
  0.32740037672494893     
   0.0000000000000000     
   0.0000000000000000     
  0.51949268757564115     
   0.0000000000000000     
   0.0000000000000000     
  0.53484788665070548     
   0.0000000000000000     
   0.0000000000000000     
  0.42699669180658406     
   0.0000000000000000     
   0.0000000000000000     
  0.25567863642367594     
   0.0000000000000000     
   0.0000000000000000     
  0.13014398732168081     
   0.0000000000000000     
   0.0000000000000000     
   6.0451875689936631E-002
   0.0000000000000000     
   0.0000000000000000     
   2.6744210678160792E-002
   0.0000000000000000     
   0.0000000000000000     
   1.1537661567299465E-002
   0.0000000000000000     
   0.0000000000000000     
  -8.3970850345038490E-019
  -2.7990286303481976E-019
  -8.3970858910445941E-019
   0.0000000000000000     
   0.0000000000000000     
   0.0000000000000000     
  -5.1595928748466903E-019
  -2.5797968321497660E-019
  -7.7393904964492980E-019
   0.0000000000000000     
   0.0000000000000000     
   0.0000000000000000     
   0.0000000000000000     
   0.0000000000000000     
   0.0000000000000000     
   0.0000000000000000     
   0.0000000000000000     
   0.0000000000000000     
   0.0000000000000000     
   0.0000000000000000     
   0.0000000000000000     
   0.0000000000000000     
   0.0000000000000000     
   0.0000000000000000     
   0.0000000000000000     
   0.0000000000000000     
   5.7608672578438019E-002
   0.0000000000000000     
   0.0000000000000000     
  0.13950017519284161     
   0.0000000000000000     
   0.0000000000000000     
  0.32740040652155239     
   0.0000000000000000     
   0.0000000000000000     
  0.51949275728205857     
   0.0000000000000000     
   0.0000000000000000     
  0.53484797946587503     
   0.0000000000000000     
   0.0000000000000000     
  0.42699677625133614     
   0.0000000000000000     
   0.0000000000000000     
  0.25567869236286411     
   0.0000000000000000     
   0.0000000000000000     
  0.13014401739386847     
   0.0000000000000000     
   0.0000000000000000     
   6.0451890061845710E-002
   0.0000000000000000     
   0.0000000000000000     
   2.6744217129515128E-002
   0.0000000000000000     
   0.0000000000000000     
   1.1537664371001836E-002
   0.0000000000000000     
   0.0000000000000000     
   0.0000000000000000     
   0.0000000000000000     
  -4.8480597996030052E-019
   0.0000000000000000     
   0.0000000000000000     
   0.0000000000000000     
   0.0000000000000000     
   0.0000000000000000     
  -4.4683391864886337E-019
   0.0000000000000000     
   0.0000000000000000     
   0.0000000000000000     
   0.0000000000000000     
   0.0000000000000000     
   0.0000000000000000     
   0.0000000000000000     
   0.0000000000000000     
   0.0000000000000000     
   0.0000000000000000     
   0.0000000000000000     
   0.0000000000000000     
   0.0000000000000000     
   0.0000000000000000     
   0.0000000000000000     
   0.0000000000000000     
   0.0000000000000000     
   0.0000000000000000     
  -4.7710932119355747E-019
   0.0000000000000000     
   0.0000000000000000     
  -6.6353246425359786E-019
   0.0000000000000000     
   0.0000000000000000     
  -6.2509127130663489E-019
   0.0000000000000000     
   0.0000000000000000     
  -3.4354498569298908E-019
   0.0000000000000000     
   0.0000000000000000     
  -1.2805763465215103E-019
   0.0000000000000000     
   0.0000000000000000     
  -4.8938513878347637E-020
   0.0000000000000000     
   0.0000000000000000     
  -1.2481671857997076E-020
   0.0000000000000000     
   0.0000000000000000     
  -2.8994599501603717E-021
   0.0000000000000000     
   0.0000000000000000     
  -6.4127934274315938E-022
   0.0000000000000000     
   0.0000000000000000     
  -1.3830839860781496E-022
   0.0000000000000000     
   0.0000000000000000     
  -2.9452100697898779E-023
   0.0000000000000000     
   0.0000000000000000     
   0.0000000000000000     
   0.0000000000000000     
  0.25289996691518629     
   0.0000000000000000     
   0.0000000000000000     
   0.0000000000000000     
   0.0000000000000000     
   0.0000000000000000     
  0.22709914506703549     
   0.0000000000000000     
   0.0000000000000000     
   0.0000000000000000     
   0.0000000000000000     
   0.0000000000000000     
   0.0000000000000000     
   0.0000000000000000     
   0.0000000000000000     
   0.0000000000000000     
   0.0000000000000000     
   0.0000000000000000     
   0.0000000000000000     
   0.0000000000000000     
   0.0000000000000000     
   0.0000000000000000     
   0.0000000000000000     
   0.0000000000000000     
   0.0000000000000000     
   0.0000000000000000     
   0.0000000000000000     
   0.0000000000000000     
   0.0000000000000000     
   0.0000000000000000     
   0.0000000000000000     
   0.0000000000000000     
   0.0000000000000000     
   0.0000000000000000     
   0.0000000000000000     
   0.0000000000000000     
   0.0000000000000000     
   0.0000000000000000     
   0.0000000000000000     
   0.0000000000000000     
   0.0000000000000000     
   0.0000000000000000     
   0.0000000000000000     
   0.0000000000000000     
   0.0000000000000000     
   0.0000000000000000     
   0.0000000000000000     
   0.0000000000000000     
   0.0000000000000000     
   0.0000000000000000     
   0.0000000000000000     
   0.0000000000000000     
   0.0000000000000000     
   0.0000000000000000     
   0.0000000000000000     
   0.0000000000000000     
   0.0000000000000000     
   0.0000000000000000     
   0.0000000000000000     
   0.0000000000000000     
   0.0000000000000000     
  0.25289999388431134     
   0.0000000000000000     
   0.0000000000000000     
   0.0000000000000000     
   0.0000000000000000     
   0.0000000000000000     
  0.22709917602808305     
   0.0000000000000000     
   0.0000000000000000     
   3.8293765117606759E-008
   2.4040169624859625E-007
   2.2726541776875824E-006
   2.4524818940943980E-005
   2.5464880209622625E-004
   2.4240539702176885E-003
   1.8955033313245814E-002
   9.8696973323524423E-002
  0.28188882333604831     
  0.41895366535368561     
  0.37456132045527607     
  0.24950809837785162     
  0.14796864183078365     
   9.3083448525599230E-002
  -2.3855466623037333E-019
   0.0000000000000000     
   0.0000000000000000     
  -3.3176624268180204E-019
   0.0000000000000000     
   0.0000000000000000     
  -3.1254564786550325E-019
   0.0000000000000000     
   0.0000000000000000     
  -1.7177249878173182E-019
   0.0000000000000000     
   0.0000000000000000     
  -6.4028817776884596E-020
   0.0000000000000000     
   0.0000000000000000     
  -2.4469255908830642E-020
   0.0000000000000000     
   0.0000000000000000     
  -6.2408348871164406E-021
   0.0000000000000000     
   0.0000000000000000     
  -1.4497293630180512E-021
   0.0000000000000000     
   0.0000000000000000     
  -3.2063937135431881E-022
   0.0000000000000000     
   0.0000000000000000     
  -6.9154063469321084E-023
   0.0000000000000000     
   0.0000000000000000     
  -1.4725991119396408E-023
   0.0000000000000000     
   0.0000000000000000     
  0.14601187176184596     
  0.14601187954716185     
  0.73005939773580930     
   0.0000000000000000     
   0.0000000000000000     
   0.0000000000000000     
  0.13111576147487131     
  0.13111577041255601     
  0.65557885206277999     
   0.0000000000000000     
   0.0000000000000000     
   0.0000000000000000     
   6.3319588937434820E-027
   0.0000000000000000     
   0.0000000000000000     
   0.0000000000000000     
   0.0000000000000000     
   0.0000000000000000     
   0.0000000000000000     
   0.0000000000000000     
   0.0000000000000000     
   0.0000000000000000     
   0.0000000000000000     
   0.0000000000000000     
   0.0000000000000000     
   0.0000000000000000     
   0.0000000000000000     
   0.0000000000000000     
   0.0000000000000000     
   0.0000000000000000     
   0.0000000000000000     
   0.0000000000000000     
   0.0000000000000000     
   0.0000000000000000     
   0.0000000000000000     
   0.0000000000000000     
   0.0000000000000000     
   0.0000000000000000     
   0.0000000000000000     
   0.0000000000000000     
   0.0000000000000000     
   0.0000000000000000     
   0.0000000000000000     
   0.0000000000000000     
   0.0000000000000000     
   0.0000000000000000     
   0.0000000000000000     
   0.0000000000000000     
   0.0000000000000000     
   0.0000000000000000     
   0.0000000000000000     
   0.0000000000000000     
   0.0000000000000000     
   0.0000000000000000     
   0.0000000000000000     
   0.0000000000000000     
   0.0000000000000000     
   0.0000000000000000     
   0.0000000000000000     
   0.0000000000000000     
   0.0000000000000000     
   0.0000000000000000     
   0.0000000000000000     
   0.0000000000000000     
   0.0000000000000000     
   0.0000000000000000     
   0.0000000000000000     
  0.18850051589406744     
   0.0000000000000000     
   0.0000000000000000     
   0.0000000000000000     
   0.0000000000000000     
   0.0000000000000000     
  0.16926972020582684     
   0.0000000000000000     
   0.0000000000000000     
   0.0000000000000000     
   0.0000000000000000     
   2.8542487301969954E-008
   1.7918484485921285E-007
   1.6939364092165269E-006
   1.8279720736843128E-005
   1.8980400999525976E-004
   1.8067831390538498E-003
   1.4128247433368789E-002
   7.3564378142094239E-002
  0.21010751267107394     
  0.31226960285839117     
  0.27918150155339477     
  0.18597233967346496     
  0.11028930371931235     
   6.9380299687164262E-002
  -8.1109352737441823E-019
   0.0000000000000000     
   0.0000000000000000     
  -1.0485518013746789E-018
   0.0000000000000000     
   0.0000000000000000     
  -8.0756938339963874E-019
   0.0000000000000000     
   0.0000000000000000     
  -2.3774620884918658E-019
   0.0000000000000000     
   0.0000000000000000     
   6.2484448570101243E-020
   0.0000000000000000     
   0.0000000000000000     
   1.0747988865412937E-019
   0.0000000000000000     
   0.0000000000000000     
   7.8083252240131051E-020
   0.0000000000000000     
   0.0000000000000000     
   4.1679861651363188E-020
   0.0000000000000000     
   0.0000000000000000     
   1.9631757659970387E-020
   0.0000000000000000     
   0.0000000000000000     
   8.7258825824167811E-021
   0.0000000000000000     
   0.0000000000000000     
   3.7711256254752938E-021
   0.0000000000000000     
   0.0000000000000000     
  0.32649245337297433     
  0.10883082359382316     
  0.32649247078146953     
   0.0000000000000000     
   0.0000000000000000     
   0.0000000000000000     
  0.29318373559419020     
   9.7727918526486740E-002
  0.29318375557946025     
   0.0000000000000000     
   0.0000000000000000     
   0.0000000000000000     
  -5.9949058904051820E-019
   0.0000000000000000     
   0.0000000000000000     
   0.0000000000000000     
   0.0000000000000000     
   0.0000000000000000     
   0.0000000000000000     
   0.0000000000000000     
   0.0000000000000000     
   0.0000000000000000     
   0.0000000000000000     
   0.0000000000000000     
   0.0000000000000000     
   0.0000000000000000     
   0.0000000000000000     
   0.0000000000000000     
   0.0000000000000000     
   0.0000000000000000     
   0.0000000000000000     
   0.0000000000000000     
   0.0000000000000000     
  -1.7780815001362939E-019
   0.0000000000000000     
   0.0000000000000000     
  -2.4728395709206717E-019
   0.0000000000000000     
   0.0000000000000000     
  -2.3295777156632571E-019
   0.0000000000000000     
   0.0000000000000000     
  -1.2803166131365071E-019
   0.0000000000000000     
   0.0000000000000000     
  -4.7724263022686967E-020
   0.0000000000000000     
   0.0000000000000000     
  -1.8238306523661232E-020
   0.0000000000000000     
   0.0000000000000000     
  -4.6516436813148613E-021
   0.0000000000000000     
   0.0000000000000000     
  -1.0805644682286106E-021
   0.0000000000000000     
   0.0000000000000000     
  -2.3899047687035188E-022
   0.0000000000000000     
   0.0000000000000000     
  -5.1544395612578959E-023
   0.0000000000000000     
   0.0000000000000000     
  -1.0976105726342860E-023
   0.0000000000000000     
   0.0000000000000000     
   0.0000000000000000     
   0.0000000000000000     
  0.18850051589406744     
   0.0000000000000000     
   0.0000000000000000     
   0.0000000000000000     
   0.0000000000000000     
   0.0000000000000000     
  0.16926972020582684     
   0.0000000000000000     
   0.0000000000000000     
   0.0000000000000000     
  -1.9983021837146922E-019
   0.0000000000000000     
  -2.9788928390271351E-019
   0.0000000000000000     
   2.8542487305792981E-008
   1.7918484490603908E-007
   1.6939364102194399E-006
   1.8279720762608376E-005
   1.8980401062535093E-004
   1.8067831528450005E-003
   1.4128247668063565E-002
   7.3564380508294655E-002
  0.21010752369227767     
  0.31226962505117972     
  0.27918152476002650     
  0.18597235630319367     
  0.11028931389065041     
   6.9380306161114139E-002
  -1.7780815001362939E-019
   0.0000000000000000     
   0.0000000000000000     
  -2.4728395709206717E-019
   0.0000000000000000     
   0.0000000000000000     
  -2.3295777156632571E-019
   0.0000000000000000     
   0.0000000000000000     
  -1.2803166131365071E-019
   0.0000000000000000     
   0.0000000000000000     
  -4.7724263022686967E-020
   0.0000000000000000     
   0.0000000000000000     
  -1.8238306523661232E-020
   0.0000000000000000     
   0.0000000000000000     
  -4.6516436813148613E-021
   0.0000000000000000     
   0.0000000000000000     
  -1.0805644682286106E-021
   0.0000000000000000     
   0.0000000000000000     
  -2.3899047687035188E-022
   0.0000000000000000     
   0.0000000000000000     
  -5.1544395612578959E-023
   0.0000000000000000     
   0.0000000000000000     
  -1.0976105726342860E-023
   0.0000000000000000     
   0.0000000000000000     
  0.10883082359382316     
  0.32649248818996507     
  0.32649248818996501     
   0.0000000000000000     
   0.0000000000000000     
   0.0000000000000000     
   9.7727918526486740E-002
  0.29318377556473074     
  0.29318377556473080     
   0.0000000000000000     
   0.0000000000000000     
   0.0000000000000000     
   4.7195635057149291E-027
   0.0000000000000000     
   0.0000000000000000     
   0.0000000000000000     
   0.0000000000000000     
  -4.4683395223723259E-019
   0.0000000000000000     
   0.0000000000000000     
   0.0000000000000000     
   0.0000000000000000     
   0.0000000000000000     
   0.0000000000000000     
   0.0000000000000000     
   0.0000000000000000     
   0.0000000000000000     
   0.0000000000000000     
   0.0000000000000000     
   0.0000000000000000     
   0.0000000000000000     
   0.0000000000000000     
   0.0000000000000000     
   0.0000000000000000     
   0.0000000000000000     
  -5.3342445004088803E-019
   0.0000000000000000     
   0.0000000000000000     
  -7.4185187127620143E-019
   0.0000000000000000     
   0.0000000000000000     
  -6.9887331469897724E-019
   0.0000000000000000     
   0.0000000000000000     
  -3.8409498394095212E-019
   0.0000000000000000     
   0.0000000000000000     
  -1.4317278906806092E-019
   0.0000000000000000     
   0.0000000000000000     
  -5.4714919570983703E-020
   0.0000000000000000     
   0.0000000000000000     
  -1.3954931043944582E-020
   0.0000000000000000     
   0.0000000000000000     
  -3.2416934046858322E-021
   0.0000000000000000     
   0.0000000000000000     
  -7.1697143061105555E-022
   0.0000000000000000     
   0.0000000000000000     
  -1.5463318683773684E-022
   0.0000000000000000     
   0.0000000000000000     
  -3.2928317179028578E-023
   0.0000000000000000     
   0.0000000000000000     
   0.0000000000000000     
   0.0000000000000000     
  0.56550154768220240     
   0.0000000000000000     
   0.0000000000000000     
   0.0000000000000000     
   0.0000000000000000     
   0.0000000000000000     
  0.50780916061748049     
   0.0000000000000000     
   0.0000000000000000     
   0.0000000000000000     
  -9.9915109185734646E-019
   0.0000000000000000     
  -8.9366785170814048E-019
   0.0000000000000000     
  -4.4683395223723240E-019
   0.0000000000000000     
   0.0000000000000000     
   0.0000000000000000     
   0.0000000000000000     
   0.0000000000000000     
   0.0000000000000000     
   0.0000000000000000     
   0.0000000000000000     
   0.0000000000000000     
   0.0000000000000000     
   0.0000000000000000     
   0.0000000000000000     
   0.0000000000000000     
   0.0000000000000000     
   0.0000000000000000     
   0.0000000000000000     
   0.0000000000000000     
   0.0000000000000000     
   0.0000000000000000     
   0.0000000000000000     
   0.0000000000000000     
   0.0000000000000000     
   0.0000000000000000     
   0.0000000000000000     
   0.0000000000000000     
   0.0000000000000000     
   0.0000000000000000     
   0.0000000000000000     
   0.0000000000000000     
   0.0000000000000000     
   0.0000000000000000     
   0.0000000000000000     
   0.0000000000000000     
   0.0000000000000000     
   0.0000000000000000     
   0.0000000000000000     
   0.0000000000000000     
   0.0000000000000000     
   0.0000000000000000     
   0.0000000000000000     
   0.0000000000000000     
   0.0000000000000000     
   0.0000000000000000     
   0.0000000000000000     
   0.0000000000000000     
   0.0000000000000000     
   0.0000000000000000     
   0.0000000000000000     
   0.0000000000000000     
   0.0000000000000000     
   0.0000000000000000     
   0.0000000000000000     
   0.0000000000000000     
  0.56550157783460120     
   0.0000000000000000     
   0.0000000000000000     
   0.0000000000000000     
   0.0000000000000000     
   0.0000000000000000     
  0.50780919523298451     
   0.0000000000000000     
   0.0000000000000000     
   0.0000000000000000     
   0.0000000000000000     
   0.0000000000000000     
   0.0000000000000000     
   0.0000000000000000     
   0.0000000000000000     
   0.0000000000000000     
   0.0000000000000000     
   0.0000000000000000     
   0.0000000000000000     
   0.0000000000000000     
   0.0000000000000000     
   0.0000000000000000     
   0.0000000000000000     
   0.0000000000000000     
   0.0000000000000000     
   0.0000000000000000     
   0.0000000000000000     
   0.0000000000000000     
   0.0000000000000000     
   0.0000000000000000     
   0.0000000000000000     
  -3.0797274982343492E-019
   0.0000000000000000     
   0.0000000000000000     
  -4.2830837758014256E-019
   0.0000000000000000     
   0.0000000000000000     
  -4.0349469637090054E-019
   0.0000000000000000     
   0.0000000000000000     
  -2.2175734237269371E-019
   0.0000000000000000     
   0.0000000000000000     
  -8.2660848309074462E-020
   0.0000000000000000     
   0.0000000000000000     
  -3.1589673542996166E-020
   0.0000000000000000     
   0.0000000000000000     
  -8.0568831947440713E-021
   0.0000000000000000     
   0.0000000000000000     
  -1.8715925598255996E-021
   0.0000000000000000     
   0.0000000000000000     
  -4.1394364846456415E-022
   0.0000000000000000     
   0.0000000000000000     
  -8.9277512046417102E-023
   0.0000000000000000     
   0.0000000000000000     
  -1.9011172787273534E-023
   0.0000000000000000     
   0.0000000000000000     
   0.0000000000000000     
   0.0000000000000000     
  0.32649247078146953     
   0.0000000000000000     
   0.0000000000000000     
   0.0000000000000000     
   0.0000000000000000     
   0.0000000000000000     
  0.29318375557946025     
   0.0000000000000000     
   0.0000000000000000     
   0.0000000000000000     
  -3.4611609110696850E-019
   0.0000000000000000     
  -5.1595937474980955E-019
   0.0000000000000000     
   0.0000000000000000     
   0.0000000000000000     
   0.0000000000000000     
  -7.7393910782169169E-019
   0.0000000000000000     
