  -0.0000000000000000     
  -0.0000000000000000     
  -0.0000000000000000     
  -0.0000000000000000     
  -0.0000000000000000     
  -0.0000000000000000     
  -0.0000000000000000     
  -0.0000000000000000     
  -0.0000000000000000     
  -0.0000000000000000     
  -0.0000000000000000     
  -0.0000000000000000     
  -0.0000000000000000     
  -0.0000000000000000     
  -0.0000000000000000     
  -0.0000000000000000     
  -0.0000000000000000     
  -0.0000000000000000     
  -0.0000000000000000     
  -0.0000000000000000     
  -0.0000000000000000     
  -0.0000000000000000     
  -0.0000000000000000     
  -0.0000000000000000     
  -0.0000000000000000     
  -0.0000000000000000     
  -0.0000000000000000     
  -0.0000000000000000     
  -0.0000000000000000     
  -0.0000000000000000     
  -0.0000000000000000     
  -0.0000000000000000     
  -0.0000000000000000     
  -0.0000000000000000     
  -0.0000000000000000     
  -0.0000000000000000     
  -0.0000000000000000     
  -0.0000000000000000     
  -0.0000000000000000     
  -0.0000000000000000     
  -0.0000000000000000     
  -0.0000000000000000     
  -0.0000000000000000     
  -0.0000000000000000     
  -0.0000000000000000     
  -0.0000000000000000     
  -0.0000000000000000     
  -0.0000000000000000     
  -0.0000000000000000     
  -0.0000000000000000     
  -0.0000000000000000     
  -0.0000000000000000     
  -0.0000000000000000     
  -0.0000000000000000     
  -0.0000000000000000     
  -0.0000000000000000     
  -0.0000000000000000     
  -0.0000000000000000     
  -0.0000000000000000     
  -0.0000000000000000     
  -0.0000000000000000     
  -0.0000000000000000     
  -0.0000000000000000     
  -0.0000000000000000     
  -0.0000000000000000     
  -0.0000000000000000     
  -0.0000000000000000     
  -0.0000000000000000     
  -0.0000000000000000     
  -0.0000000000000000     
  -0.0000000000000000     
  -0.0000000000000000     
  -0.0000000000000000     
  -0.0000000000000000     
  -0.0000000000000000     
  -0.0000000000000000     
  -0.0000000000000000     
  -0.0000000000000000     
  -0.0000000000000000     
  -0.0000000000000000     
  -0.0000000000000000     
  -0.0000000000000000     
  -0.0000000000000000     
  -0.0000000000000000     
  -0.0000000000000000     
  -0.0000000000000000     
  -0.0000000000000000     
  -0.0000000000000000     
  -0.0000000000000000     
  -0.0000000000000000     
  -0.0000000000000000     
  -0.0000000000000000     
  -0.0000000000000000     
  -0.0000000000000000     
  -0.0000000000000000     
  -0.0000000000000000     
  -0.0000000000000000     
  -0.0000000000000000     
  -0.0000000000000000     
  -0.0000000000000000     
  -0.0000000000000000     
  -0.0000000000000000     
  -0.0000000000000000     
  -0.0000000000000000     
  -0.0000000000000000     
  -0.0000000000000000     
  -0.0000000000000000     
  -0.0000000000000000     
  -0.0000000000000000     
  -0.0000000000000000     
  -0.0000000000000000     
  -0.0000000000000000     
  -0.0000000000000000     
  -0.0000000000000000     
  -0.0000000000000000     
  -0.0000000000000000     
  -0.0000000000000000     
  -0.0000000000000000     
  -0.0000000000000000     
  -0.0000000000000000     
  -0.0000000000000000     
  -0.0000000000000000     
  -0.0000000000000000     
  -0.0000000000000000     
  -0.0000000000000000     
  -0.0000000000000000     
  -0.0000000000000000     
  -0.0000000000000000     
  -0.0000000000000000     
  -0.0000000000000000     
  -0.0000000000000000     
  -0.0000000000000000     
  -0.0000000000000000     
  -0.0000000000000000     
  -0.0000000000000000     
  -0.0000000000000000     
  -0.0000000000000000     
  -0.0000000000000000     
  -0.0000000000000000     
  -0.0000000000000000     
  -0.0000000000000000     
  -0.0000000000000000     
  -0.0000000000000000     
  -0.0000000000000000     
  -0.0000000000000000     
  -0.0000000000000000     
  -0.0000000000000000     
  -0.0000000000000000     
  -0.0000000000000000     
  -0.0000000000000000     
  -2.8376196988410471E-005
  -0.0000000000000000     
  -0.0000000000000000     
  -0.0000000000000000     
  -0.0000000000000000     
  -0.0000000000000000     
  -0.0000000000000000     
  -0.0000000000000000     
  -0.0000000000000000     
  -0.0000000000000000     
  -0.0000000000000000     
  -0.0000000000000000     
  -0.0000000000000000     
  -0.0000000000000000     
  -0.0000000000000000     
  -0.0000000000000000     
  -0.0000000000000000     
  -0.0000000000000000     
  -0.0000000000000000     
  -3.2780646522448982E-005
  -0.0000000000000000     
  -0.0000000000000000     
  -0.0000000000000000     
  -0.0000000000000000     
  -0.0000000000000000     
  -0.0000000000000000     
  -0.0000000000000000     
  -0.0000000000000000     
  -0.0000000000000000     
  -0.0000000000000000     
  -0.0000000000000000     
  -0.0000000000000000     
  -0.0000000000000000     
  -0.0000000000000000     
  -0.0000000000000000     
  -0.0000000000000000     
  -0.0000000000000000     
  -0.0000000000000000     
  -0.0000000000000000     
  -0.0000000000000000     
  -0.0000000000000000     
  -0.0000000000000000     
  -0.0000000000000000     
  -0.0000000000000000     
  -0.0000000000000000     
  -0.0000000000000000     
  -0.0000000000000000     
  -0.0000000000000000     
  -0.0000000000000000     
  -0.0000000000000000     
  -0.0000000000000000     
  -0.0000000000000000     
  -0.0000000000000000     
  -0.0000000000000000     
  -3.2780646522448982E-005
  -0.0000000000000000     
  -0.0000000000000000     
  -4.9177004683454146E-005
  -0.0000000000000000     
  -0.0000000000000000     
  -0.0000000000000000     
  -0.0000000000000000     
  -0.0000000000000000     
  -0.0000000000000000     
  -0.0000000000000000     
  -0.0000000000000000     
  -0.0000000000000000     
  -0.0000000000000000     
  -0.0000000000000000     
  -0.0000000000000000     
  -0.0000000000000000     
  -0.0000000000000000     
  -0.0000000000000000     
  -0.0000000000000000     
  -0.0000000000000000     
  -0.0000000000000000     
  -2.7834968959191147E-005
  -0.0000000000000000     
  -0.0000000000000000     
  -5.6547722499125441E-005
  -0.0000000000000000     
  -0.0000000000000000     
  -0.0000000000000000     
  -0.0000000000000000     
  -0.0000000000000000     
  -0.0000000000000000     
  -0.0000000000000000     
  -0.0000000000000000     
  -0.0000000000000000     
  -0.0000000000000000     
  -0.0000000000000000     
  -0.0000000000000000     
  -0.0000000000000000     
  -0.0000000000000000     
  -0.0000000000000000     
  -0.0000000000000000     
  -0.0000000000000000     
  -0.0000000000000000     
  -0.0000000000000000     
  -0.0000000000000000     
  -0.0000000000000000     
  -0.0000000000000000     
  -0.0000000000000000     
  -0.0000000000000000     
  -0.0000000000000000     
  -0.0000000000000000     
  -0.0000000000000000     
  -0.0000000000000000     
  -0.0000000000000000     
  -0.0000000000000000     
  -0.0000000000000000     
  -0.0000000000000000     
  -0.0000000000000000     
  -0.0000000000000000     
  -0.0000000000000000     
  -0.0000000000000000     
  -0.0000000000000000     
  -2.7834968959191147E-005
  -0.0000000000000000     
  -0.0000000000000000     
  -5.6547722499125441E-005
  -0.0000000000000000     
  -0.0000000000000000     
  -9.9257471111925352E-005
  -0.0000000000000000     
  -0.0000000000000000     
  -0.0000000000000000     
  -0.0000000000000000     
  -0.0000000000000000     
  -0.0000000000000000     
  -0.0000000000000000     
  -0.0000000000000000     
  -0.0000000000000000     
  -0.0000000000000000     
  -0.0000000000000000     
  -0.0000000000000000     
  -0.0000000000000000     
  -0.0000000000000000     
  -0.0000000000000000     
  -0.0000000000000000     
  -0.0000000000000000     
  -0.0000000000000000     
  -1.7326540767907107E-005
  -0.0000000000000000     
  -0.0000000000000000     
  -4.4199719473497613E-005
  -0.0000000000000000     
  -0.0000000000000000     
  -1.1396483950623473E-004
  -0.0000000000000000     
  -0.0000000000000000     
  -0.0000000000000000     
  -0.0000000000000000     
  -0.0000000000000000     
  -0.0000000000000000     
  -0.0000000000000000     
  -0.0000000000000000     
  -0.0000000000000000     
  -0.0000000000000000     
  -0.0000000000000000     
  -0.0000000000000000     
  -0.0000000000000000     
  -0.0000000000000000     
  -0.0000000000000000     
  -0.0000000000000000     
  -0.0000000000000000     
  -0.0000000000000000     
  -0.0000000000000000     
  -0.0000000000000000     
  -0.0000000000000000     
  -0.0000000000000000     
  -0.0000000000000000     
  -0.0000000000000000     
  -0.0000000000000000     
  -0.0000000000000000     
  -0.0000000000000000     
  -0.0000000000000000     
  -0.0000000000000000     
  -0.0000000000000000     
  -0.0000000000000000     
  -0.0000000000000000     
  -0.0000000000000000     
  -0.0000000000000000     
  -0.0000000000000000     
  -0.0000000000000000     
  -0.0000000000000000     
  -0.0000000000000000     
  -0.0000000000000000     
  -0.0000000000000000     
  -1.7326540767907107E-005
  -0.0000000000000000     
  -0.0000000000000000     
  -4.4199719473497613E-005
  -0.0000000000000000     
  -0.0000000000000000     
  -1.1396483950623473E-004
  -0.0000000000000000     
  -0.0000000000000000     
  -2.0345059648131615E-004
  -0.0000000000000000     
  -0.0000000000000000     
  -0.0000000000000000     
  -0.0000000000000000     
  -0.0000000000000000     
  -0.0000000000000000     
  -0.0000000000000000     
  -0.0000000000000000     
  -0.0000000000000000     
  -0.0000000000000000     
  -0.0000000000000000     
  -0.0000000000000000     
  -0.0000000000000000     
  -0.0000000000000000     
  -0.0000000000000000     
  -0.0000000000000000     
  -0.0000000000000000     
  -0.0000000000000000     
  -9.0529253846140895E-006
  -0.0000000000000000     
  -0.0000000000000000     
  -2.6508692327687303E-005
  -0.0000000000000000     
  -0.0000000000000000     
  -8.9488583787007621E-005
  -0.0000000000000000     
  -0.0000000000000000     
  -2.3405705616719522E-004
  -0.0000000000000000     
  -0.0000000000000000     
  -0.0000000000000000     
  -0.0000000000000000     
  -0.0000000000000000     
  -0.0000000000000000     
  -0.0000000000000000     
  -0.0000000000000000     
  -0.0000000000000000     
  -0.0000000000000000     
  -0.0000000000000000     
  -0.0000000000000000     
  -0.0000000000000000     
  -0.0000000000000000     
  -0.0000000000000000     
  -0.0000000000000000     
  -0.0000000000000000     
  -0.0000000000000000     
  -0.0000000000000000     
  -0.0000000000000000     
  -0.0000000000000000     
  -0.0000000000000000     
  -0.0000000000000000     
  -0.0000000000000000     
  -0.0000000000000000     
  -0.0000000000000000     
  -0.0000000000000000     
  -0.0000000000000000     
  -0.0000000000000000     
  -0.0000000000000000     
  -0.0000000000000000     
  -0.0000000000000000     
  -0.0000000000000000     
  -0.0000000000000000     
  -0.0000000000000000     
  -0.0000000000000000     
  -0.0000000000000000     
  -0.0000000000000000     
  -0.0000000000000000     
  -0.0000000000000000     
  -0.0000000000000000     
  -0.0000000000000000     
  -0.0000000000000000     
  -9.0529253846140895E-006
  -0.0000000000000000     
  -0.0000000000000000     
  -2.6508692327687303E-005
  -0.0000000000000000     
  -0.0000000000000000     
  -8.9488583787007621E-005
  -0.0000000000000000     
  -0.0000000000000000     
  -2.3405705616719522E-004
  -0.0000000000000000     
  -0.0000000000000000     
  -4.0839948313548972E-004
  -0.0000000000000000     
  -0.0000000000000000     
  -0.0000000000000000     
  -0.0000000000000000     
  -0.0000000000000000     
  -0.0000000000000000     
  -0.0000000000000000     
  -0.0000000000000000     
  -0.0000000000000000     
  -0.0000000000000000     
  -0.0000000000000000     
  -0.0000000000000000     
  -0.0000000000000000     
  -0.0000000000000000     
  -0.0000000000000000     
  -0.0000000000000000     
  -0.0000000000000000     
  -0.0000000000000000     
  -5.0403262167263579E-006
  -0.0000000000000000     
  -0.0000000000000000     
  -1.5749615427445528E-005
  -0.0000000000000000     
  -0.0000000000000000     
  -6.1067457668994164E-005
  -0.0000000000000000     
  -0.0000000000000000     
  -2.0043669033900587E-004
  -0.0000000000000000     
  -0.0000000000000000     
  -4.7173256503726924E-004
  -0.0000000000000000     
  -0.0000000000000000     
  -0.0000000000000000     
  -0.0000000000000000     
  -0.0000000000000000     
  -0.0000000000000000     
  -0.0000000000000000     
  -0.0000000000000000     
  -0.0000000000000000     
  -0.0000000000000000     
  -0.0000000000000000     
  -0.0000000000000000     
  -0.0000000000000000     
  -0.0000000000000000     
  -0.0000000000000000     
  -0.0000000000000000     
  -0.0000000000000000     
  -0.0000000000000000     
  -0.0000000000000000     
  -0.0000000000000000     
  -0.0000000000000000     
  -0.0000000000000000     
  -0.0000000000000000     
  -0.0000000000000000     
  -0.0000000000000000     
  -0.0000000000000000     
  -0.0000000000000000     
  -0.0000000000000000     
  -0.0000000000000000     
  -0.0000000000000000     
  -0.0000000000000000     
  -0.0000000000000000     
  -0.0000000000000000     
  -0.0000000000000000     
  -0.0000000000000000     
  -0.0000000000000000     
  -0.0000000000000000     
  -0.0000000000000000     
  -0.0000000000000000     
  -0.0000000000000000     
  -0.0000000000000000     
  -0.0000000000000000     
  -0.0000000000000000     
  -0.0000000000000000     
  -0.0000000000000000     
  -0.0000000000000000     
  -5.0403262167263579E-006
  -0.0000000000000000     
  -0.0000000000000000     
  -1.5749615427445528E-005
  -0.0000000000000000     
  -0.0000000000000000     
  -6.1067457668994164E-005
  -0.0000000000000000     
  -0.0000000000000000     
  -2.0043669033900587E-004
  -0.0000000000000000     
  -0.0000000000000000     
  -4.7173256503726924E-004
  -0.0000000000000000     
  -0.0000000000000000     
  -7.0510898180004846E-004
  -0.0000000000000000     
  -0.0000000000000000     
  -0.0000000000000000     
  -0.0000000000000000     
  -0.0000000000000000     
  -0.0000000000000000     
  -0.0000000000000000     
  -0.0000000000000000     
  -0.0000000000000000     
  -0.0000000000000000     
  -0.0000000000000000     
  -0.0000000000000000     
  -0.0000000000000000     
  -0.0000000000000000     
  -0.0000000000000000     
  -0.0000000000000000     
  -0.0000000000000000     
  -0.0000000000000000     
  -2.2691426663837487E-006
  -0.0000000000000000     
  -0.0000000000000000     
  -7.4363293031354426E-006
  -0.0000000000000000     
  -0.0000000000000000     
  -3.2086692961205213E-005
  -0.0000000000000000     
  -0.0000000000000000     
  -1.2769721850062655E-004
  -0.0000000000000000     
  -0.0000000000000000     
  -4.0303791225086927E-004
  -0.0000000000000000     
  -0.0000000000000000     
  -8.1143604021111549E-004
  -0.0000000000000000     
  -0.0000000000000000     
  -0.0000000000000000     
  -0.0000000000000000     
  -0.0000000000000000     
  -0.0000000000000000     
  -0.0000000000000000     
  -0.0000000000000000     
  -0.0000000000000000     
  -0.0000000000000000     
  -0.0000000000000000     
  -0.0000000000000000     
  -0.0000000000000000     
  -0.0000000000000000     
  -0.0000000000000000     
  -0.0000000000000000     
  -0.0000000000000000     
  -0.0000000000000000     
  -0.0000000000000000     
  -0.0000000000000000     
  -0.0000000000000000     
  -0.0000000000000000     
  -0.0000000000000000     
  -0.0000000000000000     
  -0.0000000000000000     
  -0.0000000000000000     
  -0.0000000000000000     
  -0.0000000000000000     
  -0.0000000000000000     
  -0.0000000000000000     
  -0.0000000000000000     
  -0.0000000000000000     
  -0.0000000000000000     
  -0.0000000000000000     
  -0.0000000000000000     
  -0.0000000000000000     
  -0.0000000000000000     
  -0.0000000000000000     
  -0.0000000000000000     
  -0.0000000000000000     
  -0.0000000000000000     
  -0.0000000000000000     
  -0.0000000000000000     
  -0.0000000000000000     
  -0.0000000000000000     
  -0.0000000000000000     
  -0.0000000000000000     
  -0.0000000000000000     
  -0.0000000000000000     
  -2.2691426663837487E-006
  -0.0000000000000000     
  -0.0000000000000000     
  -7.4363293031354426E-006
  -0.0000000000000000     
  -0.0000000000000000     
  -3.2086692961205213E-005
  -0.0000000000000000     
  -0.0000000000000000     
  -1.2769721850062655E-004
  -0.0000000000000000     
  -0.0000000000000000     
  -4.0303791225086927E-004
  -0.0000000000000000     
  -0.0000000000000000     
  -8.1143604021111549E-004
  -0.0000000000000000     
  -0.0000000000000000     
  -1.4102176007912419E-003
  -0.0000000000000000     
  -0.0000000000000000     
  -0.0000000000000000     
  -0.0000000000000000     
  -0.0000000000000000     
  -0.0000000000000000     
  -0.0000000000000000     
  -0.0000000000000000     
  -0.0000000000000000     
  -0.0000000000000000     
  -0.0000000000000000     
  -0.0000000000000000     
  -0.0000000000000000     
  -0.0000000000000000     
  -0.0000000000000000     
  -0.0000000000000000     
  -0.0000000000000000     
  -0.0000000000000000     
  -9.8773395236551696E-007
  -0.0000000000000000     
  -0.0000000000000000     
  -3.3181760935828593E-006
  -0.0000000000000000     
  -0.0000000000000000     
  -1.5165378117367201E-005
  -0.0000000000000000     
  -0.0000000000000000     
  -6.7432595368641297E-005
  -0.0000000000000000     
  -0.0000000000000000     
  -2.5709724421621010E-004
  -0.0000000000000000     
  -0.0000000000000000     
  -6.4580459347994784E-004
  -0.0000000000000000     
  -0.0000000000000000     
  -1.6228715236261218E-003
  -0.0000000000000000     
  -0.0000000000000000     
  -0.0000000000000000     
  -0.0000000000000000     
  -0.0000000000000000     
  -0.0000000000000000     
  -0.0000000000000000     
  -0.0000000000000000     
  -0.0000000000000000     
  -0.0000000000000000     
  -0.0000000000000000     
  -0.0000000000000000     
  -0.0000000000000000     
  -0.0000000000000000     
  -0.0000000000000000     
  -0.0000000000000000     
  -0.0000000000000000     
  -0.0000000000000000     
  -0.0000000000000000     
  -0.0000000000000000     
  -0.0000000000000000     
  -0.0000000000000000     
  -0.0000000000000000     
  -0.0000000000000000     
  -0.0000000000000000     
  -0.0000000000000000     
  -0.0000000000000000     
  -0.0000000000000000     
  -0.0000000000000000     
  -0.0000000000000000     
  -0.0000000000000000     
  -0.0000000000000000     
  -0.0000000000000000     
  -0.0000000000000000     
  -0.0000000000000000     
  -0.0000000000000000     
  -0.0000000000000000     
  -0.0000000000000000     
  -0.0000000000000000     
  -0.0000000000000000     
  -0.0000000000000000     
  -0.0000000000000000     
  -0.0000000000000000     
  -0.0000000000000000     
  -0.0000000000000000     
  -0.0000000000000000     
  -0.0000000000000000     
  -0.0000000000000000     
  -0.0000000000000000     
  -0.0000000000000000     
  -0.0000000000000000     
  -0.0000000000000000     
  -9.8773395236551696E-007
  -0.0000000000000000     
  -0.0000000000000000     
  -3.3181760935828593E-006
  -0.0000000000000000     
  -0.0000000000000000     
  -1.5165378117367201E-005
  -0.0000000000000000     
  -0.0000000000000000     
  -6.7432595368641297E-005
  -0.0000000000000000     
  -0.0000000000000000     
  -2.5709724421621010E-004
  -0.0000000000000000     
  -0.0000000000000000     
  -6.4580459347994784E-004
  -0.0000000000000000     
  -0.0000000000000000     
  -1.6228715236261218E-003
  -0.0000000000000000     
  -0.0000000000000000     
  -2.8204337525278198E-003
  -0.0000000000000000     
  -0.0000000000000000     
  -0.0000000000000000     
  -0.0000000000000000     
  -0.0000000000000000     
  -0.0000000000000000     
  -0.0000000000000000     
  -0.0000000000000000     
  -0.0000000000000000     
  -0.0000000000000000     
  -0.0000000000000000     
  -0.0000000000000000     
  -0.0000000000000000     
  -0.0000000000000000     
  -0.0000000000000000     
  -0.0000000000000000     
  -0.0000000000000000     
  -0.0000000000000000     
  -4.2261187379829680E-007
  -0.0000000000000000     
  -0.0000000000000000     
  -1.4377803907088525E-006
  -0.0000000000000000     
  -0.0000000000000000     
  -6.7705698870523692E-006
  -0.0000000000000000     
  -0.0000000000000000     
  -3.1959279177681397E-005
  -0.0000000000000000     
  -0.0000000000000000     
  -1.3586726822667632E-004
  -0.0000000000000000     
  -0.0000000000000000     
  -3.9261314202001949E-004
  -0.0000000000000000     
  -0.0000000000000000     
  -1.2916086563874751E-003
  -0.0000000000000000     
  -0.0000000000000000     
  -3.2457408236233241E-003
  -0.0000000000000000     
  -0.0000000000000000     
  -0.0000000000000000     
  -0.0000000000000000     
  -0.0000000000000000     
  -0.0000000000000000     
  -0.0000000000000000     
  -0.0000000000000000     
  -0.0000000000000000     
  -0.0000000000000000     
  -0.0000000000000000     
  -0.0000000000000000     
  -0.0000000000000000     
  -0.0000000000000000     
  -0.0000000000000000     
  -0.0000000000000000     
  -0.0000000000000000     
  -0.0000000000000000     
  -0.0000000000000000     
  -0.0000000000000000     
  -0.0000000000000000     
  -0.0000000000000000     
  -0.0000000000000000     
  -0.0000000000000000     
  -0.0000000000000000     
  -0.0000000000000000     
  -0.0000000000000000     
  -0.0000000000000000     
  -0.0000000000000000     
  -0.0000000000000000     
  -0.0000000000000000     
  -0.0000000000000000     
  -0.0000000000000000     
  -0.0000000000000000     
  -0.0000000000000000     
  -0.0000000000000000     
  -0.0000000000000000     
  -0.0000000000000000     
  -0.0000000000000000     
  -0.0000000000000000     
  -0.0000000000000000     
  -0.0000000000000000     
  -0.0000000000000000     
  -0.0000000000000000     
  -0.0000000000000000     
  -0.0000000000000000     
  -0.0000000000000000     
  -0.0000000000000000     
  -0.0000000000000000     
  -0.0000000000000000     
  -0.0000000000000000     
  -0.0000000000000000     
  -0.0000000000000000     
  -0.0000000000000000     
  -0.0000000000000000     
  -4.2261187379829680E-007
  -0.0000000000000000     
  -0.0000000000000000     
  -1.4377803907088525E-006
  -0.0000000000000000     
  -0.0000000000000000     
  -6.7705698870523692E-006
  -0.0000000000000000     
  -0.0000000000000000     
  -3.1959279177681397E-005
  -0.0000000000000000     
  -0.0000000000000000     
  -1.3586726822667632E-004
  -0.0000000000000000     
  -0.0000000000000000     
  -3.9261314202001949E-004
  -0.0000000000000000     
  -0.0000000000000000     
  -1.2916086563874751E-003
  -0.0000000000000000     
  -0.0000000000000000     
  -3.2457408236233241E-003
  -0.0000000000000000     
  -0.0000000000000000     
  -5.6408616913998753E-003
  -0.0000000000000000     
  -0.0000000000000000     
  -0.0000000000000000     
  -0.0000000000000000     
  -0.0000000000000000     
  -0.0000000000000000     
  -0.0000000000000000     
  -0.0000000000000000     
  -0.0000000000000000     
  -0.0000000000000000     
  -0.0000000000000000     
  -0.0000000000000000     
  -0.0000000000000000     
  -0.0000000000000000     
  -0.0000000000000000     
  -0.0000000000000000     
  -0.0000000000000000     
  -0.0000000000000000     
  -1.7925160796974174E-007
  -0.0000000000000000     
  -0.0000000000000000     
  -6.1374480217889340E-007
  -0.0000000000000000     
  -0.0000000000000000     
  -2.9345191185484078E-006
  -0.0000000000000000     
  -0.0000000000000000     
  -1.4288934272829361E-005
  -0.0000000000000000     
  -0.0000000000000000     
  -6.4420433635980012E-005
  -0.0000000000000000     
  -0.0000000000000000     
  -2.0163219111187422E-004
  -0.0000000000000000     
  -0.0000000000000000     
  -7.8522592489994327E-004
  -0.0000000000000000     
  -0.0000000000000000     
  -2.5832151891886268E-003
  -0.0000000000000000     
  -0.0000000000000000     
  -6.4914727293231399E-003
  -0.0000000000000000     
  -0.0000000000000000     
  -0.0000000000000000     
  -0.0000000000000000     
  -0.0000000000000000     
  -0.0000000000000000     
  -0.0000000000000000     
  -0.0000000000000000     
  -0.0000000000000000     
  -0.0000000000000000     
  -0.0000000000000000     
  -0.0000000000000000     
  -0.0000000000000000     
  -0.0000000000000000     
  -0.0000000000000000     
  -0.0000000000000000     
  -0.0000000000000000     
  -0.0000000000000000     
  -0.0000000000000000     
  -0.0000000000000000     
  -0.0000000000000000     
  -0.0000000000000000     
  -0.0000000000000000     
  -0.0000000000000000     
  -0.0000000000000000     
  -0.0000000000000000     
  -0.0000000000000000     
  -0.0000000000000000     
  -0.0000000000000000     
  -0.0000000000000000     
  -0.0000000000000000     
  -0.0000000000000000     
  -0.0000000000000000     
  -0.0000000000000000     
  -0.0000000000000000     
  -0.0000000000000000     
  -0.0000000000000000     
  -0.0000000000000000     
  -0.0000000000000000     
  -0.0000000000000000     
  -0.0000000000000000     
  -0.0000000000000000     
  -0.0000000000000000     
  -0.0000000000000000     
  -0.0000000000000000     
  -0.0000000000000000     
  -0.0000000000000000     
  -0.0000000000000000     
  -0.0000000000000000     
  -0.0000000000000000     
  -0.0000000000000000     
  -0.0000000000000000     
  -0.0000000000000000     
  -0.0000000000000000     
  -0.0000000000000000     
  -0.0000000000000000     
  -0.0000000000000000     
  -0.0000000000000000     
  -1.7925160796974174E-007
  -0.0000000000000000     
  -0.0000000000000000     
  -6.1374480217889340E-007
  -0.0000000000000000     
  -0.0000000000000000     
  -2.9345191185484078E-006
  -0.0000000000000000     
  -0.0000000000000000     
  -1.4288934272829361E-005
  -0.0000000000000000     
  -0.0000000000000000     
  -6.4420433635980012E-005
  -0.0000000000000000     
  -0.0000000000000000     
  -2.0163219111187422E-004
  -0.0000000000000000     
  -0.0000000000000000     
  -7.8522592489994327E-004
  -0.0000000000000000     
  -0.0000000000000000     
  -2.5832151891886268E-003
  -0.0000000000000000     
  -0.0000000000000000     
  -6.4914727293231399E-003
  -0.0000000000000000     
  -0.0000000000000000     
  -1.1281700163095744E-002
  -0.0000000000000000     
  -0.0000000000000000     
  -0.0000000000000000     
  -0.0000000000000000     
  -0.0000000000000000     
  -0.0000000000000000     
  -0.0000000000000000     
  -0.0000000000000000     
  -0.0000000000000000     
  -0.0000000000000000     
  -0.0000000000000000     
  -0.0000000000000000     
  -0.0000000000000000     
  -0.0000000000000000     
  -0.0000000000000000     
  -0.0000000000000000     
  -0.0000000000000000     
  -0.0000000000000000     
  -7.5697856256167514E-008
  -0.0000000000000000     
  -0.0000000000000000     
  -2.6001741517966433E-007
  -0.0000000000000000     
  -0.0000000000000000     
  -1.2528304090979437E-006
  -0.0000000000000000     
  -0.0000000000000000     
  -6.1977685252270119E-006
  -0.0000000000000000     
  -0.0000000000000000     
  -2.8808602688456361E-005
  -0.0000000000000000     
  -0.0000000000000000     
  -9.4113037114196751E-005
  -0.0000000000000000     
  -0.0000000000000000     
  -4.0326418693262256E-004
  -0.0000000000000000     
  -0.0000000000000000     
  -1.5704504154998040E-003
  -0.0000000000000000     
  -0.0000000000000000     
  -5.1664218592817890E-003
  -0.0000000000000000     
  -0.0000000000000000     
  -1.2982909830514299E-002
  -0.0000000000000000     
  -0.0000000000000000     
  -0.0000000000000000     
  -0.0000000000000000     
  -0.0000000000000000     
  -0.0000000000000000     
  -0.0000000000000000     
  -0.0000000000000000     
  -0.0000000000000000     
  -0.0000000000000000     
  -0.0000000000000000     
  -0.0000000000000000     
  -0.0000000000000000     
  -0.0000000000000000     
  -0.0000000000000000     
  -0.0000000000000000     
  -0.0000000000000000     
  -0.0000000000000000     
  -0.0000000000000000     
  -0.0000000000000000     
  -0.0000000000000000     
  -0.0000000000000000     
  -0.0000000000000000     
  -0.0000000000000000     
  -0.0000000000000000     
  -0.0000000000000000     
  -0.0000000000000000     
  -0.0000000000000000     
  -0.0000000000000000     
  -0.0000000000000000     
  -0.0000000000000000     
  -0.0000000000000000     
  -0.0000000000000000     
  -0.0000000000000000     
  -0.0000000000000000     
  -0.0000000000000000     
  -0.0000000000000000     
  -0.0000000000000000     
  -0.0000000000000000     
  -0.0000000000000000     
  -0.0000000000000000     
  -0.0000000000000000     
  -0.0000000000000000     
  -0.0000000000000000     
  -0.0000000000000000     
  -0.0000000000000000     
  -0.0000000000000000     
  -0.0000000000000000     
  -0.0000000000000000     
  -0.0000000000000000     
  -0.0000000000000000     
  -0.0000000000000000     
  -0.0000000000000000     
  -0.0000000000000000     
  -0.0000000000000000     
  -0.0000000000000000     
  -0.0000000000000000     
  -0.0000000000000000     
  -0.0000000000000000     
  -0.0000000000000000     
  -0.0000000000000000     
  -7.5697856256167514E-008
  -0.0000000000000000     
  -0.0000000000000000     
  -2.6001741517966433E-007
  -0.0000000000000000     
  -0.0000000000000000     
  -1.2528304090979437E-006
  -0.0000000000000000     
  -0.0000000000000000     
  -6.1977685252270119E-006
  -0.0000000000000000     
  -0.0000000000000000     
  -2.8808602688456361E-005
  -0.0000000000000000     
  -0.0000000000000000     
  -9.4113037114196751E-005
  -0.0000000000000000     
  -0.0000000000000000     
  -4.0326418693262256E-004
  -0.0000000000000000     
  -0.0000000000000000     
  -1.5704504154998040E-003
  -0.0000000000000000     
  -0.0000000000000000     
  -5.1664218592817890E-003
  -0.0000000000000000     
  -0.0000000000000000     
  -1.2982909830514299E-002
  -0.0000000000000000     
  -0.0000000000000000     
  -2.2563307447662214E-002
  -0.0000000000000000     
  -0.0000000000000000     
  -0.0000000000000000     
  -0.0000000000000000     
  -0.0000000000000000     
  -0.0000000000000000     
  -0.0000000000000000     
  -0.0000000000000000     
  -0.0000000000000000     
  -0.0000000000000000     
  -0.0000000000000000     
  -0.0000000000000000     
  -0.0000000000000000     
  -0.0000000000000000     
  -0.0000000000000000     
  -0.0000000000000000     
  -0.0000000000000000     
  -0.0000000000000000     
  -0.0000000000000000     
  -0.0000000000000000     
  -0.0000000000000000     
  -0.0000000000000000     
  -0.0000000000000000     
  -0.0000000000000000     
  -0.0000000000000000     
  -0.0000000000000000     
  -0.0000000000000000     
  -0.0000000000000000     
  -0.0000000000000000     
  -0.0000000000000000     
  -0.0000000000000000     
  -0.0000000000000000     
  -0.0000000000000000     
  -0.0000000000000000     
  -0.0000000000000000     
  -0.0000000000000000     
  -0.0000000000000000     
  -0.0000000000000000     
  -0.0000000000000000     
  -0.0000000000000000     
  -0.0000000000000000     
  -0.0000000000000000     
  -0.0000000000000000     
  -0.0000000000000000     
  -0.0000000000000000     
  -0.0000000000000000     
  -0.0000000000000000     
  -0.0000000000000000     
  -0.0000000000000000     
  -0.0000000000000000     
  -0.0000000000000000     
  -0.0000000000000000     
  -0.0000000000000000     
  -0.0000000000000000     
  -0.0000000000000000     
  -0.0000000000000000     
  -0.0000000000000000     
  -0.0000000000000000     
  -0.0000000000000000     
  -0.0000000000000000     
  -0.0000000000000000     
  -0.0000000000000000     
  -0.0000000000000000     
  -0.0000000000000000     
  -0.0000000000000000     
  -0.0000000000000000     
  -0.0000000000000000     
  -0.0000000000000000     
  -0.0000000000000000     
  -0.0000000000000000     
  -0.0000000000000000     
  -0.0000000000000000     
  -0.0000000000000000     
  -0.0000000000000000     
  -0.0000000000000000     
  -0.0000000000000000     
  -0.0000000000000000     
  -0.0000000000000000     
  -0.0000000000000000     
  -0.0000000000000000     
  -0.0000000000000000     
  -0.0000000000000000     
  -0.0000000000000000     
  -0.0000000000000000     
  -0.0000000000000000     
  -0.0000000000000000     
  -0.0000000000000000     
  -0.0000000000000000     
  -0.0000000000000000     
  -0.0000000000000000     
  -0.0000000000000000     
  -0.0000000000000000     
  -0.0000000000000000     
  -0.0000000000000000     
  -0.0000000000000000     
  -0.0000000000000000     
  -0.0000000000000000     
  -0.0000000000000000     
  -0.0000000000000000     
  -0.0000000000000000     
  -0.0000000000000000     
  -0.0000000000000000     
  -0.0000000000000000     
  -0.0000000000000000     
  -0.0000000000000000     
  -0.0000000000000000     
  -0.0000000000000000     
  -0.0000000000000000     
  -0.0000000000000000     
  -0.0000000000000000     
  -0.0000000000000000     
  -0.0000000000000000     
  -0.0000000000000000     
  -0.0000000000000000     
  -0.0000000000000000     
  -0.0000000000000000     
  -0.0000000000000000     
  -0.0000000000000000     
  -0.0000000000000000     
  -0.0000000000000000     
  -0.0000000000000000     
  -0.0000000000000000     
  -0.0000000000000000     
  -0.0000000000000000     
  -0.0000000000000000     
  -0.0000000000000000     
  -0.0000000000000000     
  -0.0000000000000000     
  -0.0000000000000000     
  -0.0000000000000000     
  -0.0000000000000000     
  -0.0000000000000000     
  -0.0000000000000000     
  -0.0000000000000000     
  -0.0000000000000000     
  -0.0000000000000000     
  -0.0000000000000000     
  -0.0000000000000000     
  -0.0000000000000000     
  -0.0000000000000000     
  -0.0000000000000000     
  -0.0000000000000000     
  -0.0000000000000000     
  -0.0000000000000000     
  -0.0000000000000000     
  -0.0000000000000000     
  -0.0000000000000000     
  -0.0000000000000000     
  -0.0000000000000000     
  -0.0000000000000000     
  -0.0000000000000000     
  -0.0000000000000000     
  -0.0000000000000000     
  -0.0000000000000000     
  -0.0000000000000000     
  -0.0000000000000000     
  -0.0000000000000000     
  -0.0000000000000000     
  -0.0000000000000000     
  -0.0000000000000000     
  -0.0000000000000000     
  -0.0000000000000000     
  -0.0000000000000000     
  -0.0000000000000000     
  -0.0000000000000000     
  -0.0000000000000000     
  -0.0000000000000000     
  -0.0000000000000000     
  -0.0000000000000000     
  -0.0000000000000000     
  -0.0000000000000000     
  -0.0000000000000000     
  -0.0000000000000000     
  -0.0000000000000000     
  -0.0000000000000000     
  -0.0000000000000000     
  -0.0000000000000000     
  -0.0000000000000000     
  -0.0000000000000000     
  -0.0000000000000000     
  -0.0000000000000000     
  -0.0000000000000000     
  -0.0000000000000000     
  -0.0000000000000000     
  -0.0000000000000000     
  -0.0000000000000000     
  -0.0000000000000000     
  -0.0000000000000000     
  -0.0000000000000000     
  -0.0000000000000000     
  -0.0000000000000000     
  -0.0000000000000000     
  -0.0000000000000000     
  -0.0000000000000000     
  -0.0000000000000000     
  -0.0000000000000000     
  -0.0000000000000000     
  -0.0000000000000000     
  -0.0000000000000000     
  -0.0000000000000000     
  -6.8360411569864465E-012
  -4.2961763213912476E-011
  -4.0728045714588577E-010
  -4.4256269377868036E-009
  -4.6705159502827591E-008
  -4.6133424130700502E-007
  -3.9008786865114082E-006
  -2.3357914170234795E-005
  -8.0762870813816669E-005
  -1.4442836871907935E-004
  -1.4635487099247599E-004
  -1.0427417624956484E-004
  -6.3745580377043239E-005
  -4.0578544635365768E-005
  -0.0000000000000000     
  -0.0000000000000000     
  -0.0000000000000000     
  -0.0000000000000000     
  -0.0000000000000000     
  -0.0000000000000000     
  -0.0000000000000000     
  -0.0000000000000000     
  -0.0000000000000000     
  -0.0000000000000000     
  -0.0000000000000000     
  -0.0000000000000000     
  -0.0000000000000000     
  -0.0000000000000000     
  -0.0000000000000000     
  -0.0000000000000000     
  -0.0000000000000000     
  -0.0000000000000000     
  -0.0000000000000000     
  -0.0000000000000000     
  -0.0000000000000000     
  -0.0000000000000000     
  -0.0000000000000000     
  -0.0000000000000000     
  -0.0000000000000000     
  -0.0000000000000000     
  -0.0000000000000000     
  -0.0000000000000000     
  -0.0000000000000000     
  -0.0000000000000000     
  -0.0000000000000000     
  -0.0000000000000000     
  -0.0000000000000000     
  -1.4526665739702244E-004
  -4.8422220120197865E-005
  -1.4526666036059359E-004
  -0.0000000000000000     
  -0.0000000000000000     
  -0.0000000000000000     
  -0.0000000000000000     
  -0.0000000000000000     
  -0.0000000000000000     
  -0.0000000000000000     
  -0.0000000000000000     
  -0.0000000000000000     
  -0.0000000000000000     
  -0.0000000000000000     
  -0.0000000000000000     
  -0.0000000000000000     
  -0.0000000000000000     
  -0.0000000000000000     
  -0.0000000000000000     
  -0.0000000000000000     
  -0.0000000000000000     
  -0.0000000000000000     
  -0.0000000000000000     
  -0.0000000000000000     
  -0.0000000000000000     
  -0.0000000000000000     
  -0.0000000000000000     
  -0.0000000000000000     
  -0.0000000000000000     
  -0.0000000000000000     
  -0.0000000000000000     
  -0.0000000000000000     
  -0.0000000000000000     
  -0.0000000000000000     
  -0.0000000000000000     
  -0.0000000000000000     
  -0.0000000000000000     
  -0.0000000000000000     
  -0.0000000000000000     
  -0.0000000000000000     
  -0.0000000000000000     
  -0.0000000000000000     
  -0.0000000000000000     
  -0.0000000000000000     
  -0.0000000000000000     
  -0.0000000000000000     
  -0.0000000000000000     
  -0.0000000000000000     
  -0.0000000000000000     
  -0.0000000000000000     
  -0.0000000000000000     
  -0.0000000000000000     
  -0.0000000000000000     
  -0.0000000000000000     
  -0.0000000000000000     
  -8.3869745463466651E-005
  -0.0000000000000000     
  -0.0000000000000000     
  -0.0000000000000000     
  -0.0000000000000000     
  -0.0000000000000000     
  -0.0000000000000000     
  -0.0000000000000000     
  -0.0000000000000000     
  -0.0000000000000000     
  -0.0000000000000000     
  -0.0000000000000000     
  -0.0000000000000000     
  -0.0000000000000000     
  -0.0000000000000000     
  -0.0000000000000000     
  -0.0000000000000000     
  -0.0000000000000000     
  -0.0000000000000000     
  -0.0000000000000000     
  -0.0000000000000000     
  -0.0000000000000000     
  -0.0000000000000000     
  -0.0000000000000000     
  -0.0000000000000000     
  -0.0000000000000000     
  -0.0000000000000000     
  -0.0000000000000000     
  -0.0000000000000000     
  -0.0000000000000000     
  -0.0000000000000000     
  -0.0000000000000000     
  -0.0000000000000000     
  -0.0000000000000000     
  -0.0000000000000000     
  -0.0000000000000000     
  -0.0000000000000000     
  -0.0000000000000000     
  -0.0000000000000000     
  -0.0000000000000000     
  -0.0000000000000000     
  -0.0000000000000000     
  -0.0000000000000000     
  -0.0000000000000000     
  -0.0000000000000000     
  -0.0000000000000000     
  -0.0000000000000000     
  -0.0000000000000000     
  -0.0000000000000000     
  -0.0000000000000000     
  -0.0000000000000000     
  -0.0000000000000000     
  -0.0000000000000000     
  -0.0000000000000000     
  -1.5761144779573194E-004
  -0.0000000000000000     
  -0.0000000000000000     
  -0.0000000000000000     
  -0.0000000000000000     
  -0.0000000000000000     
  -0.0000000000000000     
  -0.0000000000000000     
  -0.0000000000000000     
  -0.0000000000000000     
  -0.0000000000000000     
  -0.0000000000000000     
  -0.0000000000000000     
  -0.0000000000000000     
  -0.0000000000000000     
  -0.0000000000000000     
  -0.0000000000000000     
  -0.0000000000000000     
  -0.0000000000000000     
  -0.0000000000000000     
  -0.0000000000000000     
  -0.0000000000000000     
  -0.0000000000000000     
  -0.0000000000000000     
  -0.0000000000000000     
  -0.0000000000000000     
  -0.0000000000000000     
  -0.0000000000000000     
  -0.0000000000000000     
  -0.0000000000000000     
  -0.0000000000000000     
  -0.0000000000000000     
  -0.0000000000000000     
  -0.0000000000000000     
  -0.0000000000000000     
  -0.0000000000000000     
  -0.0000000000000000     
  -0.0000000000000000     
  -0.0000000000000000     
  -0.0000000000000000     
  -0.0000000000000000     
  -0.0000000000000000     
  -0.0000000000000000     
  -0.0000000000000000     
  -0.0000000000000000     
  -0.0000000000000000     
  -0.0000000000000000     
  -0.0000000000000000     
  -0.0000000000000000     
  -0.0000000000000000     
  -0.0000000000000000     
  -0.0000000000000000     
  -0.0000000000000000     
  -0.0000000000000000     
  -5.2537150694317805E-005
  -0.0000000000000000     
  -0.0000000000000000     
  -0.0000000000000000     
  -0.0000000000000000     
  -0.0000000000000000     
  -0.0000000000000000     
  -0.0000000000000000     
  -0.0000000000000000     
  -0.0000000000000000     
  -0.0000000000000000     
  -0.0000000000000000     
  -0.0000000000000000     
  -0.0000000000000000     
  -0.0000000000000000     
  -0.0000000000000000     
  -0.0000000000000000     
  -0.0000000000000000     
  -0.0000000000000000     
  -0.0000000000000000     
  -0.0000000000000000     
  -0.0000000000000000     
  -0.0000000000000000     
  -0.0000000000000000     
  -0.0000000000000000     
  -0.0000000000000000     
  -0.0000000000000000     
  -0.0000000000000000     
  -0.0000000000000000     
  -0.0000000000000000     
  -0.0000000000000000     
  -0.0000000000000000     
  -0.0000000000000000     
  -0.0000000000000000     
  -0.0000000000000000     
  -0.0000000000000000     
  -0.0000000000000000     
  -0.0000000000000000     
  -0.0000000000000000     
  -0.0000000000000000     
  -0.0000000000000000     
  -0.0000000000000000     
  -0.0000000000000000     
  -0.0000000000000000     
  -0.0000000000000000     
  -0.0000000000000000     
  -0.0000000000000000     
  -0.0000000000000000     
  -0.0000000000000000     
  -0.0000000000000000     
  -0.0000000000000000     
  -0.0000000000000000     
  -0.0000000000000000     
  -0.0000000000000000     
  -0.0000000000000000     
  -1.5761145208295345E-004
  -0.0000000000000000     
  -0.0000000000000000     
  -0.0000000000000000     
  -0.0000000000000000     
  -0.0000000000000000     
  -0.0000000000000000     
  -0.0000000000000000     
  -0.0000000000000000     
  -0.0000000000000000     
  -0.0000000000000000     
  -0.0000000000000000     
  -0.0000000000000000     
  -0.0000000000000000     
  -0.0000000000000000     
  -0.0000000000000000     
  -0.0000000000000000     
  -0.0000000000000000     
  -0.0000000000000000     
  -0.0000000000000000     
  -0.0000000000000000     
  -0.0000000000000000     
  -0.0000000000000000     
  -0.0000000000000000     
  -0.0000000000000000     
  -0.0000000000000000     
  -0.0000000000000000     
  -0.0000000000000000     
  -0.0000000000000000     
  -0.0000000000000000     
  -0.0000000000000000     
  -0.0000000000000000     
  -0.0000000000000000     
  -0.0000000000000000     
  -0.0000000000000000     
  -0.0000000000000000     
  -0.0000000000000000     
  -0.0000000000000000     
  -0.0000000000000000     
  -0.0000000000000000     
  -0.0000000000000000     
  -0.0000000000000000     
  -0.0000000000000000     
  -0.0000000000000000     
  -0.0000000000000000     
  -0.0000000000000000     
  -0.0000000000000000     
  -0.0000000000000000     
  -0.0000000000000000     
  -0.0000000000000000     
  -0.0000000000000000     
  -0.0000000000000000     
  -0.0000000000000000     
  -0.0000000000000000     
  -0.0000000000000000     
  -0.0000000000000000     
  -0.0000000000000000     
  -9.0997014287460940E-005
  -0.0000000000000000     
  -0.0000000000000000     
  -0.0000000000000000     
  -0.0000000000000000     
  -2.0362650908814979E-012
  -1.2820474211846740E-011
  -1.2211722170184991E-010
  -1.3427008219732566E-009
  -1.4570830343379339E-008
  -1.5356073539629532E-007
  -1.4989988711737315E-006
  -1.1891428317505275E-005
  -6.4315389017262641E-005
  -1.9442625411997079E-004
  -3.0156129828946794E-004
  -2.7841908316875689E-004
  -1.9294201594429527E-004
  -1.2917667832780766E-004
  -0.0000000000000000     
  -0.0000000000000000     
  -0.0000000000000000     
  -0.0000000000000000     
  -0.0000000000000000     
  -0.0000000000000000     
  -0.0000000000000000     
  -0.0000000000000000     
  -0.0000000000000000     
  -0.0000000000000000     
  -0.0000000000000000     
  -0.0000000000000000     
  -0.0000000000000000     
  -0.0000000000000000     
  -0.0000000000000000     
  -0.0000000000000000     
  -0.0000000000000000     
  -0.0000000000000000     
  -0.0000000000000000     
  -0.0000000000000000     
  -0.0000000000000000     
  -0.0000000000000000     
  -0.0000000000000000     
  -0.0000000000000000     
  -0.0000000000000000     
  -0.0000000000000000     
  -0.0000000000000000     
  -0.0000000000000000     
  -0.0000000000000000     
  -0.0000000000000000     
  -0.0000000000000000     
  -0.0000000000000000     
  -0.0000000000000000     
  -1.5761144779573194E-004
  -5.2537150694317791E-005
  -1.5761145208295342E-004
  -0.0000000000000000     
  -0.0000000000000000     
  -0.0000000000000000     
  -2.9053329997618923E-004
  -9.6844437276824555E-005
  -2.9053331183047365E-004
  -0.0000000000000000     
  -0.0000000000000000     
  -0.0000000000000000     
  -0.0000000000000000     
  -0.0000000000000000     
  -0.0000000000000000     
  -0.0000000000000000     
  -0.0000000000000000     
  -0.0000000000000000     
  -0.0000000000000000     
  -0.0000000000000000     
  -0.0000000000000000     
  -0.0000000000000000     
  -0.0000000000000000     
  -0.0000000000000000     
  -0.0000000000000000     
  -0.0000000000000000     
  -0.0000000000000000     
  -0.0000000000000000     
  -0.0000000000000000     
  -0.0000000000000000     
  -0.0000000000000000     
  -0.0000000000000000     
  -0.0000000000000000     
  -0.0000000000000000     
  -0.0000000000000000     
  -0.0000000000000000     
  -0.0000000000000000     
  -0.0000000000000000     
  -0.0000000000000000     
  -0.0000000000000000     
  -0.0000000000000000     
  -0.0000000000000000     
  -0.0000000000000000     
  -0.0000000000000000     
  -0.0000000000000000     
  -0.0000000000000000     
  -0.0000000000000000     
  -0.0000000000000000     
  -0.0000000000000000     
  -0.0000000000000000     
  -0.0000000000000000     
  -0.0000000000000000     
  -0.0000000000000000     
  -0.0000000000000000     
  -0.0000000000000000     
  -0.0000000000000000     
  -0.0000000000000000     
  -0.0000000000000000     
  -0.0000000000000000     
  -0.0000000000000000     
  -0.0000000000000000     
  -9.0997014287460940E-005
  -0.0000000000000000     
  -0.0000000000000000     
  -0.0000000000000000     
  -0.0000000000000000     
  -0.0000000000000000     
  -1.6773948579387746E-004
  -0.0000000000000000     
  -0.0000000000000000     
  -0.0000000000000000     
  -0.0000000000000000     
  -0.0000000000000000     
  -0.0000000000000000     
  -0.0000000000000000     
  -0.0000000000000000     
  -0.0000000000000000     
  -0.0000000000000000     
  -0.0000000000000000     
  -0.0000000000000000     
  -0.0000000000000000     
  -0.0000000000000000     
  -0.0000000000000000     
  -0.0000000000000000     
  -0.0000000000000000     
  -0.0000000000000000     
  -1.5149417312065304E-005
  -0.0000000000000000     
  -0.0000000000000000     
  -3.6513048441031521E-005
  -0.0000000000000000     
  -0.0000000000000000     
  -6.9427334642041479E-005
  -0.0000000000000000     
  -0.0000000000000000     
  -7.8210747371042371E-005
  -0.0000000000000000     
  -0.0000000000000000     
  -5.8521372741127200E-005
  -0.0000000000000000     
  -0.0000000000000000     
  -3.8612760317759763E-005
  -0.0000000000000000     
  -0.0000000000000000     
  -1.9696209904432065E-005
  -0.0000000000000000     
  -0.0000000000000000     
  -9.1507497709581021E-006
  -0.0000000000000000     
  -0.0000000000000000     
  -4.0477729249547959E-006
  -0.0000000000000000     
  -0.0000000000000000     
  -1.7460074759860952E-006
  -0.0000000000000000     
  -0.0000000000000000     
  -7.4360300648068301E-007
  -0.0000000000000000     
  -0.0000000000000000     
  -0.0000000000000000     
  -0.0000000000000000     
  -0.0000000000000000     
  -0.0000000000000000     
  -0.0000000000000000     
  -0.0000000000000000     
  -0.0000000000000000     
  -0.0000000000000000     
  -0.0000000000000000     
  -0.0000000000000000     
  -0.0000000000000000     
  -0.0000000000000000     
  -0.0000000000000000     
  -0.0000000000000000     
  -0.0000000000000000     
  -0.0000000000000000     
  -0.0000000000000000     
  -0.0000000000000000     
  -0.0000000000000000     
  -0.0000000000000000     
  -0.0000000000000000     
  -0.0000000000000000     
  -0.0000000000000000     
  -0.0000000000000000     
  -0.0000000000000000     
  -0.0000000000000000     
  -0.0000000000000000     
  -0.0000000000000000     
  -0.0000000000000000     
  -0.0000000000000000     
  -0.0000000000000000     
  -0.0000000000000000     
  -0.0000000000000000     
  -0.0000000000000000     
  -0.0000000000000000     
  -0.0000000000000000     
  -0.0000000000000000     
  -0.0000000000000000     
  -0.0000000000000000     
  -0.0000000000000000     
  -0.0000000000000000     
  -0.0000000000000000     
  -0.0000000000000000     
  -0.0000000000000000     
  -0.0000000000000000     
  -0.0000000000000000     
  -0.0000000000000000     
  -0.0000000000000000     
  -0.0000000000000000     
  -0.0000000000000000     
  -0.0000000000000000     
  -0.0000000000000000     
  -0.0000000000000000     
  -0.0000000000000000     
  -0.0000000000000000     
  -0.0000000000000000     
  -0.0000000000000000     
  -0.0000000000000000     
  -0.0000000000000000     
  -0.0000000000000000     
  -0.0000000000000000     
  -0.0000000000000000     
  -0.0000000000000000     
  -0.0000000000000000     
  -0.0000000000000000     
  -0.0000000000000000     
  -0.0000000000000000     
  -0.0000000000000000     
  -0.0000000000000000     
  -0.0000000000000000     
  -0.0000000000000000     
  -0.0000000000000000     
  -0.0000000000000000     
  -0.0000000000000000     
  -0.0000000000000000     
  -0.0000000000000000     
  -0.0000000000000000     
  -0.0000000000000000     
  -0.0000000000000000     
  -0.0000000000000000     
  -0.0000000000000000     
  -0.0000000000000000     
  -0.0000000000000000     
  -0.0000000000000000     
  -0.0000000000000000     
  -0.0000000000000000     
  -1.5149417457460857E-005
  -0.0000000000000000     
  -0.0000000000000000     
  -3.6513048937440134E-005
  -0.0000000000000000     
  -0.0000000000000000     
  -6.9427335965354438E-005
  -0.0000000000000000     
  -0.0000000000000000     
  -7.8210749239475459E-005
  -0.0000000000000000     
  -0.0000000000000000     
  -5.8521374331866974E-005
  -0.0000000000000000     
  -0.0000000000000000     
  -3.8612761431455738E-005
  -0.0000000000000000     
  -0.0000000000000000     
  -1.9696210497455213E-005
  -0.0000000000000000     
  -0.0000000000000000     
  -9.1507500526546703E-006
  -0.0000000000000000     
  -0.0000000000000000     
  -4.0477730509750466E-006
  -0.0000000000000000     
  -0.0000000000000000     
  -1.7460075306550587E-006
  -0.0000000000000000     
  -0.0000000000000000     
  -7.4360302983012155E-007
  -0.0000000000000000     
  -0.0000000000000000     
  -0.0000000000000000     
  -0.0000000000000000     
  -0.0000000000000000     
  -0.0000000000000000     
  -0.0000000000000000     
  -0.0000000000000000     
  -0.0000000000000000     
  -0.0000000000000000     
  -0.0000000000000000     
  -0.0000000000000000     
  -0.0000000000000000     
  -0.0000000000000000     
  -3.8837974436659632E-005
  -0.0000000000000000     
  -0.0000000000000000     
  -0.0000000000000000     
  -0.0000000000000000     
  -0.0000000000000000     
  -0.0000000000000000     
  -0.0000000000000000     
  -0.0000000000000000     
  -0.0000000000000000     
  -0.0000000000000000     
  -0.0000000000000000     
  -0.0000000000000000     
  -0.0000000000000000     
  -0.0000000000000000     
  -0.0000000000000000     
  -0.0000000000000000     
  -0.0000000000000000     
  -0.0000000000000000     
  -0.0000000000000000     
  -0.0000000000000000     
  -0.0000000000000000     
  -0.0000000000000000     
  -0.0000000000000000     
  -0.0000000000000000     
  -0.0000000000000000     
  -0.0000000000000000     
  -0.0000000000000000     
  -0.0000000000000000     
  -0.0000000000000000     
  -0.0000000000000000     
  -0.0000000000000000     
  -0.0000000000000000     
  -0.0000000000000000     
  -0.0000000000000000     
  -0.0000000000000000     
  -0.0000000000000000     
  -0.0000000000000000     
  -0.0000000000000000     
  -0.0000000000000000     
  -0.0000000000000000     
  -0.0000000000000000     
  -0.0000000000000000     
  -0.0000000000000000     
  -0.0000000000000000     
  -0.0000000000000000     
  -0.0000000000000000     
  -0.0000000000000000     
  -0.0000000000000000     
  -0.0000000000000000     
  -0.0000000000000000     
  -0.0000000000000000     
  -0.0000000000000000     
  -0.0000000000000000     
  -0.0000000000000000     
  -0.0000000000000000     
  -0.0000000000000000     
  -0.0000000000000000     
  -0.0000000000000000     
  -0.0000000000000000     
  -0.0000000000000000     
  -0.0000000000000000     
  -0.0000000000000000     
  -0.0000000000000000     
  -0.0000000000000000     
  -0.0000000000000000     
  -0.0000000000000000     
  -0.0000000000000000     
  -0.0000000000000000     
  -0.0000000000000000     
  -0.0000000000000000     
  -0.0000000000000000     
  -0.0000000000000000     
  -0.0000000000000000     
  -0.0000000000000000     
  -0.0000000000000000     
  -0.0000000000000000     
  -0.0000000000000000     
  -0.0000000000000000     
  -0.0000000000000000     
  -3.3875126929290155E-005
  -0.0000000000000000     
  -0.0000000000000000     
  -8.1645658379889176E-005
  -0.0000000000000000     
  -0.0000000000000000     
  -1.5524423975623076E-004
  -0.0000000000000000     
  -0.0000000000000000     
  -1.7488454769271371E-004
  -0.0000000000000000     
  -0.0000000000000000     
  -1.3085776758576362E-004
  -0.0000000000000000     
  -0.0000000000000000     
  -8.6340756869417200E-005
  -0.0000000000000000     
  -0.0000000000000000     
  -4.4042064245414716E-005
  -0.0000000000000000     
  -0.0000000000000000     
  -2.0461698532952943E-005
  -0.0000000000000000     
  -0.0000000000000000     
  -9.0510954176820786E-006
  -0.0000000000000000     
  -0.0000000000000000     
  -3.9041914055277395E-006
  -0.0000000000000000     
  -0.0000000000000000     
  -1.6627468707640235E-006
  -0.0000000000000000     
  -0.0000000000000000     
  -0.0000000000000000     
  -0.0000000000000000     
  -0.0000000000000000     
  -0.0000000000000000     
  -0.0000000000000000     
  -0.0000000000000000     
  -0.0000000000000000     
  -0.0000000000000000     
  -0.0000000000000000     
  -0.0000000000000000     
  -0.0000000000000000     
  -0.0000000000000000     
  -1.4474058263564080E-004
  -0.0000000000000000     
  -0.0000000000000000     
  -0.0000000000000000     
  -0.0000000000000000     
  -0.0000000000000000     
  -0.0000000000000000     
  -0.0000000000000000     
  -0.0000000000000000     
  -0.0000000000000000     
  -0.0000000000000000     
  -0.0000000000000000     
  -0.0000000000000000     
  -0.0000000000000000     
  -0.0000000000000000     
  -0.0000000000000000     
  -0.0000000000000000     
  -0.0000000000000000     
  -0.0000000000000000     
  -0.0000000000000000     
  -0.0000000000000000     
  -1.1291709084801502E-005
  -0.0000000000000000     
  -0.0000000000000000     
  -2.7215219829964199E-005
  -0.0000000000000000     
  -0.0000000000000000     
  -5.1748080905082811E-005
  -0.0000000000000000     
  -0.0000000000000000     
  -5.8294850623552357E-005
  -0.0000000000000000     
  -0.0000000000000000     
  -4.3619257047588622E-005
  -0.0000000000000000     
  -0.0000000000000000     
  -2.8780253119905704E-005
  -0.0000000000000000     
  -0.0000000000000000     
  -1.4680688523818265E-005
  -0.0000000000000000     
  -0.0000000000000000     
  -6.8205663876152065E-006
  -0.0000000000000000     
  -0.0000000000000000     
  -3.0170318998239749E-006
  -0.0000000000000000     
  -0.0000000000000000     
  -1.3013971759237529E-006
  -0.0000000000000000     
  -0.0000000000000000     
  -5.5424897432498517E-007
  -0.0000000000000000     
  -0.0000000000000000     
  -0.0000000000000000     
  -0.0000000000000000     
  -0.0000000000000000     
  -0.0000000000000000     
  -0.0000000000000000     
  -0.0000000000000000     
  -0.0000000000000000     
  -0.0000000000000000     
  -0.0000000000000000     
  -0.0000000000000000     
  -0.0000000000000000     
  -0.0000000000000000     
  -2.8948117438718524E-005
  -0.0000000000000000     
  -6.4729957394432690E-005
  -0.0000000000000000     
  -0.0000000000000000     
  -0.0000000000000000     
  -0.0000000000000000     
  -0.0000000000000000     
  -0.0000000000000000     
  -0.0000000000000000     
  -0.0000000000000000     
  -0.0000000000000000     
  -0.0000000000000000     
  -0.0000000000000000     
  -0.0000000000000000     
  -0.0000000000000000     
  -0.0000000000000000     
  -0.0000000000000000     
  -1.1291709084801502E-005
  -0.0000000000000000     
  -0.0000000000000000     
  -2.7215219829964199E-005
  -0.0000000000000000     
  -0.0000000000000000     
  -5.1748080905082811E-005
  -0.0000000000000000     
  -0.0000000000000000     
  -5.8294850623552357E-005
  -0.0000000000000000     
  -0.0000000000000000     
  -4.3619257047588622E-005
  -0.0000000000000000     
  -0.0000000000000000     
  -2.8780253119905704E-005
  -0.0000000000000000     
  -0.0000000000000000     
  -1.4680688523818265E-005
  -0.0000000000000000     
  -0.0000000000000000     
  -6.8205663876152065E-006
  -0.0000000000000000     
  -0.0000000000000000     
  -3.0170318998239749E-006
  -0.0000000000000000     
  -0.0000000000000000     
  -1.3013971759237529E-006
  -0.0000000000000000     
  -0.0000000000000000     
  -5.5424897432498517E-007
  -0.0000000000000000     
  -0.0000000000000000     
  -0.0000000000000000     
  -0.0000000000000000     
  -0.0000000000000000     
  -0.0000000000000000     
  -0.0000000000000000     
  -0.0000000000000000     
  -0.0000000000000000     
  -0.0000000000000000     
  -0.0000000000000000     
  -0.0000000000000000     
  -0.0000000000000000     
  -0.0000000000000000     
  -2.8948116982923339E-005
  -0.0000000000000000     
  -0.0000000000000000     
  -0.0000000000000000     
  -0.0000000000000000     
  -6.4729958413621710E-005
  -0.0000000000000000     
  -0.0000000000000000     
  -0.0000000000000000     
  -0.0000000000000000     
  -0.0000000000000000     
  -0.0000000000000000     
  -0.0000000000000000     
  -0.0000000000000000     
  -0.0000000000000000     
  -0.0000000000000000     
  -0.0000000000000000     
  -0.0000000000000000     
  -0.0000000000000000     
  -0.0000000000000000     
  -0.0000000000000000     
  -0.0000000000000000     
  -0.0000000000000000     
  -3.3875127254404500E-005
  -0.0000000000000000     
  -0.0000000000000000     
  -8.1645659489892596E-005
  -0.0000000000000000     
  -0.0000000000000000     
  -1.5524424271524847E-004
  -0.0000000000000000     
  -0.0000000000000000     
  -1.7488455187065704E-004
  -0.0000000000000000     
  -0.0000000000000000     
  -1.3085777114276587E-004
  -0.0000000000000000     
  -0.0000000000000000     
  -8.6340759359717118E-005
  -0.0000000000000000     
  -0.0000000000000000     
  -4.4042065571454790E-005
  -0.0000000000000000     
  -0.0000000000000000     
  -2.0461699162845619E-005
  -0.0000000000000000     
  -0.0000000000000000     
  -9.0510956994719238E-006
  -0.0000000000000000     
  -0.0000000000000000     
  -3.9041915277712583E-006
  -0.0000000000000000     
  -0.0000000000000000     
  -1.6627469229749556E-006
  -0.0000000000000000     
  -0.0000000000000000     
  -0.0000000000000000     
  -0.0000000000000000     
  -0.0000000000000000     
  -0.0000000000000000     
  -0.0000000000000000     
  -0.0000000000000000     
  -0.0000000000000000     
  -0.0000000000000000     
  -0.0000000000000000     
  -0.0000000000000000     
  -0.0000000000000000     
  -0.0000000000000000     
  -1.4474058719359266E-004
  -0.0000000000000000     
  -1.9418987218329804E-004
  -0.0000000000000000     
  -6.4729958413621710E-005
  -0.0000000000000000     
  -0.0000000000000000     
  -0.0000000000000000     
  -0.0000000000000000     
  -0.0000000000000000     
  -0.0000000000000000     
  -0.0000000000000000     
  -0.0000000000000000     
  -0.0000000000000000     
  -0.0000000000000000     
  -0.0000000000000000     
  -0.0000000000000000     
  -0.0000000000000000     
  -0.0000000000000000     
  -0.0000000000000000     
  -0.0000000000000000     
  -0.0000000000000000     
  -0.0000000000000000     
  -0.0000000000000000     
  -0.0000000000000000     
  -0.0000000000000000     
  -0.0000000000000000     
  -0.0000000000000000     
  -0.0000000000000000     
  -0.0000000000000000     
  -0.0000000000000000     
  -0.0000000000000000     
  -0.0000000000000000     
  -0.0000000000000000     
  -0.0000000000000000     
  -0.0000000000000000     
  -0.0000000000000000     
  -0.0000000000000000     
  -0.0000000000000000     
  -0.0000000000000000     
  -0.0000000000000000     
  -0.0000000000000000     
  -0.0000000000000000     
  -0.0000000000000000     
  -0.0000000000000000     
  -0.0000000000000000     
  -0.0000000000000000     
  -0.0000000000000000     
  -0.0000000000000000     
  -0.0000000000000000     
  -0.0000000000000000     
  -0.0000000000000000     
  -0.0000000000000000     
  -0.0000000000000000     
  -0.0000000000000000     
  -0.0000000000000000     
  -0.0000000000000000     
  -0.0000000000000000     
  -0.0000000000000000     
  -0.0000000000000000     
  -0.0000000000000000     
  -0.0000000000000000     
  -0.0000000000000000     
  -0.0000000000000000     
  -0.0000000000000000     
  -0.0000000000000000     
  -0.0000000000000000     
  -0.0000000000000000     
  -0.0000000000000000     
  -0.0000000000000000     
  -0.0000000000000000     
  -0.0000000000000000     
  -0.0000000000000000     
  -0.0000000000000000     
  -0.0000000000000000     
  -0.0000000000000000     
  -0.0000000000000000     
  -0.0000000000000000     
  -0.0000000000000000     
  -0.0000000000000000     
  -0.0000000000000000     
  -0.0000000000000000     
  -0.0000000000000000     
  -0.0000000000000000     
  -0.0000000000000000     
  -0.0000000000000000     
  -0.0000000000000000     
  -0.0000000000000000     
  -0.0000000000000000     
  -1.9557813839163276E-005
  -0.0000000000000000     
  -0.0000000000000000     
  -4.7138143484654024E-005
  -0.0000000000000000     
  -0.0000000000000000     
  -8.9630305321788300E-005
  -0.0000000000000000     
  -0.0000000000000000     
  -1.0096964309963094E-004
  -0.0000000000000000     
  -0.0000000000000000     
  -7.5550769394830311E-005
  -0.0000000000000000     
  -0.0000000000000000     
  -4.9848860658369376E-005
  -0.0000000000000000     
  -0.0000000000000000     
  -2.5427698413346581E-005
  -0.0000000000000000     
  -0.0000000000000000     
  -1.1813567519746057E-005
  -0.0000000000000000     
  -0.0000000000000000     
  -5.2256525385511806E-006
  -0.0000000000000000     
  -0.0000000000000000     
  -2.2540860295265934E-006
  -0.0000000000000000     
  -0.0000000000000000     
  -9.5998738357381272E-007
  -0.0000000000000000     
  -0.0000000000000000     
  -0.0000000000000000     
  -0.0000000000000000     
  -0.0000000000000000     
  -0.0000000000000000     
  -0.0000000000000000     
  -0.0000000000000000     
  -0.0000000000000000     
  -0.0000000000000000     
  -0.0000000000000000     
  -0.0000000000000000     
  -0.0000000000000000     
  -0.0000000000000000     
  -5.0139610187331132E-005
  -0.0000000000000000     
  -1.1211557497892619E-004
  -0.0000000000000000     
  -0.0000000000000000     
  -0.0000000000000000     
  -0.0000000000000000     
  -1.1211557674421336E-004
  -0.0000000000000000     
