   0.0000000000000000     
   0.0000000000000000     
   0.0000000000000000     
   0.0000000000000000     
   0.0000000000000000     
   0.0000000000000000     
   0.0000000000000000     
   0.0000000000000000     
   0.0000000000000000     
   0.0000000000000000     
   0.0000000000000000     
   0.0000000000000000     
   0.0000000000000000     
   0.0000000000000000     
   0.0000000000000000     
   0.0000000000000000     
   0.0000000000000000     
   0.0000000000000000     
   0.0000000000000000     
   0.0000000000000000     
   0.0000000000000000     
   0.0000000000000000     
   0.0000000000000000     
   0.0000000000000000     
   0.0000000000000000     
   0.0000000000000000     
   0.0000000000000000     
   0.0000000000000000     
   0.0000000000000000     
   0.0000000000000000     
   0.0000000000000000     
   0.0000000000000000     
   0.0000000000000000     
   0.0000000000000000     
   0.0000000000000000     
   0.0000000000000000     
   0.0000000000000000     
   0.0000000000000000     
   0.0000000000000000     
   0.0000000000000000     
   0.0000000000000000     
   0.0000000000000000     
   0.0000000000000000     
   0.0000000000000000     
   0.0000000000000000     
   0.0000000000000000     
   0.0000000000000000     
   0.0000000000000000     
   0.0000000000000000     
   0.0000000000000000     
   0.0000000000000000     
   0.0000000000000000     
   0.0000000000000000     
   0.0000000000000000     
   0.0000000000000000     
   0.0000000000000000     
   0.0000000000000000     
   0.0000000000000000     
   0.0000000000000000     
   0.0000000000000000     
   0.0000000000000000     
   0.0000000000000000     
   0.0000000000000000     
   0.0000000000000000     
   0.0000000000000000     
   0.0000000000000000     
   0.0000000000000000     
   0.0000000000000000     
   0.0000000000000000     
   0.0000000000000000     
   0.0000000000000000     
   0.0000000000000000     
   0.0000000000000000     
   0.0000000000000000     
   0.0000000000000000     
   0.0000000000000000     
   0.0000000000000000     
   0.0000000000000000     
   0.0000000000000000     
   0.0000000000000000     
   0.0000000000000000     
   0.0000000000000000     
   0.0000000000000000     
   0.0000000000000000     
   0.0000000000000000     
   0.0000000000000000     
   0.0000000000000000     
   0.0000000000000000     
   0.0000000000000000     
   0.0000000000000000     
   0.0000000000000000     
   0.0000000000000000     
   0.0000000000000000     
   0.0000000000000000     
   0.0000000000000000     
   0.0000000000000000     
   0.0000000000000000     
   0.0000000000000000     
   0.0000000000000000     
   0.0000000000000000     
   0.0000000000000000     
   0.0000000000000000     
   0.0000000000000000     
   0.0000000000000000     
   0.0000000000000000     
   0.0000000000000000     
   0.0000000000000000     
   0.0000000000000000     
   0.0000000000000000     
   0.0000000000000000     
   0.0000000000000000     
   0.0000000000000000     
   0.0000000000000000     
   0.0000000000000000     
   0.0000000000000000     
   0.0000000000000000     
   0.0000000000000000     
   0.0000000000000000     
   0.0000000000000000     
   0.0000000000000000     
   0.0000000000000000     
   0.0000000000000000     
   0.0000000000000000     
   0.0000000000000000     
   0.0000000000000000     
   0.0000000000000000     
   0.0000000000000000     
   0.0000000000000000     
   0.0000000000000000     
   0.0000000000000000     
   0.0000000000000000     
   0.0000000000000000     
   0.0000000000000000     
   0.0000000000000000     
   0.0000000000000000     
   0.0000000000000000     
   1.2871054561793513E-010
   4.0982400902589786E-010
   1.6640737029045601E-009
   7.0493148539346875E-009
   2.6478364788126803E-008
   7.5255551143663678E-008
   1.0791200053990524E-007
  -4.6085479069082283E-008
  -3.0660559814131795E-007
  -3.7125607257321318E-007
  -2.7567227347777255E-007
  -1.6597540246142224E-007
  -9.4071076227704168E-008
  -5.8146925139752142E-008
   1.7375409406915824E-021
   0.0000000000000000     
   0.0000000000000000     
   0.0000000000000000     
   0.0000000000000000     
   0.0000000000000000     
   0.0000000000000000     
   0.0000000000000000     
   0.0000000000000000     
   0.0000000000000000     
   0.0000000000000000     
   0.0000000000000000     
   0.0000000000000000     
   0.0000000000000000     
   0.0000000000000000     
   0.0000000000000000     
   0.0000000000000000     
   0.0000000000000000     
   0.0000000000000000     
   2.0072356918848977E-021
   0.0000000000000000     
   0.0000000000000000     
   0.0000000000000000     
   0.0000000000000000     
   0.0000000000000000     
   0.0000000000000000     
   0.0000000000000000     
   0.0000000000000000     
   0.0000000000000000     
   0.0000000000000000     
   0.0000000000000000     
   0.0000000000000000     
   0.0000000000000000     
   0.0000000000000000     
   0.0000000000000000     
   0.0000000000000000     
   0.0000000000000000     
   0.0000000000000000     
   0.0000000000000000     
   0.0000000000000000     
   6.5129507069062995E-011
   2.0859496894009146E-010
   8.5996644899923614E-010
   3.7825633553665332E-009
   1.5518463634570359E-008
   5.4097994611325182E-008
   1.2810399694009683E-007
   1.0379943486228682E-007
  -1.9978769244393194E-007
  -4.7470396889312941E-007
  -4.5342012792888034E-007
  -3.0458269286899949E-007
  -1.8062723009323639E-007
  -1.1356866369192566E-007
   2.0072356918848977E-021
   0.0000000000000000     
   0.0000000000000000     
   3.0112230688623254E-021
   0.0000000000000000     
   0.0000000000000000     
   0.0000000000000000     
   0.0000000000000000     
   0.0000000000000000     
   0.0000000000000000     
   0.0000000000000000     
   0.0000000000000000     
   0.0000000000000000     
   0.0000000000000000     
   0.0000000000000000     
   0.0000000000000000     
   0.0000000000000000     
   0.0000000000000000     
   0.0000000000000000     
   0.0000000000000000     
   0.0000000000000000     
   0.0000000000000000     
   1.7044002820119683E-021
   0.0000000000000000     
   0.0000000000000000     
   3.4625493678813378E-021
   0.0000000000000000     
   0.0000000000000000     
   0.0000000000000000     
   0.0000000000000000     
   0.0000000000000000     
   0.0000000000000000     
   0.0000000000000000     
   0.0000000000000000     
   0.0000000000000000     
   0.0000000000000000     
   0.0000000000000000     
   0.0000000000000000     
   0.0000000000000000     
   0.0000000000000000     
   0.0000000000000000     
   0.0000000000000000     
   0.0000000000000000     
   0.0000000000000000     
   0.0000000000000000     
   0.0000000000000000     
   0.0000000000000000     
   0.0000000000000000     
   0.0000000000000000     
   2.7187403190059634E-011
   8.7427335314953537E-011
   3.6423997378319345E-010
   1.6445020425264042E-009
   7.1777276477241481E-009
   2.8932064721387072E-008
   9.6076992826606263E-008
   1.9857436677900677E-007
   8.9575140491056272E-008
  -3.9396440004841009E-007
  -6.9885273887780774E-007
  -6.0570544909626736E-007
  -3.9969805374136706E-007
  -2.6172878611984975E-007
   1.7044002820119683E-021
   0.0000000000000000     
   0.0000000000000000     
   3.4625493678813378E-021
   0.0000000000000000     
   0.0000000000000000     
   6.0777672144340129E-021
   0.0000000000000000     
   0.0000000000000000     
   0.0000000000000000     
   0.0000000000000000     
   0.0000000000000000     
   0.0000000000000000     
   0.0000000000000000     
   0.0000000000000000     
   0.0000000000000000     
   0.0000000000000000     
   0.0000000000000000     
   0.0000000000000000     
   0.0000000000000000     
   0.0000000000000000     
   0.0000000000000000     
   0.0000000000000000     
   0.0000000000000000     
   0.0000000000000000     
   1.0609446345856782E-021
   0.0000000000000000     
   0.0000000000000000     
   2.7064522488214892E-021
   0.0000000000000000     
   0.0000000000000000     
   6.9783337958326096E-021
   0.0000000000000000     
   0.0000000000000000     
   0.0000000000000000     
   0.0000000000000000     
   0.0000000000000000     
   0.0000000000000000     
   0.0000000000000000     
   0.0000000000000000     
   0.0000000000000000     
   0.0000000000000000     
   0.0000000000000000     
   0.0000000000000000     
   0.0000000000000000     
   0.0000000000000000     
   0.0000000000000000     
   0.0000000000000000     
   0.0000000000000000     
   0.0000000000000000     
   0.0000000000000000     
   0.0000000000000000     
   0.0000000000000000     
   0.0000000000000000     
   0.0000000000000000     
   0.0000000000000000     
   0.0000000000000000     
   0.0000000000000000     
   1.1108984826003818E-011
   3.5796182448998704E-011
   1.4992612014546468E-010
   6.8589981822211486E-010
   3.0896749619549850E-009
   1.3423896140269283E-008
   5.3176990669729937E-008
   1.6541043707070358E-007
   2.9549994627219942E-007
   2.3738236982436967E-008
  -6.8993389182436239E-007
  -1.0097050916689017E-006
  -8.2579185497390640E-007
  -5.8741967528399510E-007
   1.0609446345856782E-021
   0.0000000000000000     
   0.0000000000000000     
   2.7064522488214892E-021
   0.0000000000000000     
   0.0000000000000000     
   6.9783337958326096E-021
   0.0000000000000000     
   0.0000000000000000     
   1.2457756088273183E-020
   0.0000000000000000     
   0.0000000000000000     
   0.0000000000000000     
   0.0000000000000000     
   0.0000000000000000     
   0.0000000000000000     
   0.0000000000000000     
   0.0000000000000000     
   0.0000000000000000     
   0.0000000000000000     
   0.0000000000000000     
   0.0000000000000000     
   0.0000000000000000     
   0.0000000000000000     
   0.0000000000000000     
   0.0000000000000000     
   0.0000000000000000     
   0.0000000000000000     
   5.5433180475937335E-022
   0.0000000000000000     
   0.0000000000000000     
   1.6231892604342124E-021
   0.0000000000000000     
   0.0000000000000000     
   5.4795953847494294E-021
   0.0000000000000000     
   0.0000000000000000     
   1.4331861232650396E-020
   0.0000000000000000     
   0.0000000000000000     
   0.0000000000000000     
   0.0000000000000000     
   0.0000000000000000     
   0.0000000000000000     
   0.0000000000000000     
   0.0000000000000000     
   0.0000000000000000     
   0.0000000000000000     
   0.0000000000000000     
   0.0000000000000000     
   0.0000000000000000     
   0.0000000000000000     
   0.0000000000000000     
   0.0000000000000000     
   0.0000000000000000     
   0.0000000000000000     
   0.0000000000000000     
   0.0000000000000000     
   0.0000000000000000     
   0.0000000000000000     
   0.0000000000000000     
   0.0000000000000000     
   0.0000000000000000     
   0.0000000000000000     
   0.0000000000000000     
   0.0000000000000000     
   0.0000000000000000     
   4.6540871390291492E-012
   1.5011328788551471E-011
   6.3031949109290639E-011
   2.9019805008426798E-010
   1.3272117068360333E-009
   5.9802092281815986E-009
   2.5840930692773468E-008
   9.8342496350274588E-008
   2.8204564473617157E-007
   4.1088412570184739E-007
  -1.5880929186570748E-007
  -1.1509537495164566E-006
  -1.4192306860477727E-006
  -1.1817499114740843E-006
   5.5433180475937335E-022
   0.0000000000000000     
   0.0000000000000000     
   1.6231892604342124E-021
   0.0000000000000000     
   0.0000000000000000     
   5.4795953847494294E-021
   0.0000000000000000     
   0.0000000000000000     
   1.4331861232650396E-020
   0.0000000000000000     
   0.0000000000000000     
   2.5007255989765548E-020
   0.0000000000000000     
   0.0000000000000000     
   0.0000000000000000     
   0.0000000000000000     
   0.0000000000000000     
   0.0000000000000000     
   0.0000000000000000     
   0.0000000000000000     
   0.0000000000000000     
   0.0000000000000000     
   0.0000000000000000     
   0.0000000000000000     
   0.0000000000000000     
   0.0000000000000000     
   0.0000000000000000     
   0.0000000000000000     
   0.0000000000000000     
   0.0000000000000000     
   3.0863096839862118E-022
   0.0000000000000000     
   0.0000000000000000     
   9.6438580605114702E-022
   0.0000000000000000     
   0.0000000000000000     
   3.7393033283200091E-021
   0.0000000000000000     
   0.0000000000000000     
   1.2273207562767635E-020
   0.0000000000000000     
   0.0000000000000000     
   2.8885288791323116E-020
   0.0000000000000000     
   0.0000000000000000     
   0.0000000000000000     
   0.0000000000000000     
   0.0000000000000000     
   0.0000000000000000     
   0.0000000000000000     
   0.0000000000000000     
   0.0000000000000000     
   0.0000000000000000     
   0.0000000000000000     
   0.0000000000000000     
   0.0000000000000000     
   0.0000000000000000     
   0.0000000000000000     
   0.0000000000000000     
   0.0000000000000000     
   0.0000000000000000     
   0.0000000000000000     
   0.0000000000000000     
   0.0000000000000000     
   0.0000000000000000     
   0.0000000000000000     
   0.0000000000000000     
   0.0000000000000000     
   0.0000000000000000     
   0.0000000000000000     
   0.0000000000000000     
   0.0000000000000000     
   0.0000000000000000     
   0.0000000000000000     
   0.0000000000000000     
   2.3526410410359658E-012
   7.5913102585982145E-012
   3.1909391336510522E-011
   1.4729998475220299E-010
   6.7797153523279778E-010
   3.1019941641332096E-009
   1.3907892155827214E-008
   5.7733653107380760E-008
   2.0242241490432875E-007
   4.8296927872027755E-007
   4.0027065242447696E-007
  -7.3867852159878827E-007
  -1.7643141716336404E-006
  -1.8321710965043939E-006
   3.0863096839862118E-022
   0.0000000000000000     
   0.0000000000000000     
   9.6438580605114702E-022
   0.0000000000000000     
   0.0000000000000000     
   3.7393033283200091E-021
   0.0000000000000000     
   0.0000000000000000     
   1.2273207562767635E-020
   0.0000000000000000     
   0.0000000000000000     
   2.8885288791323116E-020
   0.0000000000000000     
   0.0000000000000000     
   4.3175472880573935E-020
   0.0000000000000000     
   0.0000000000000000     
   0.0000000000000000     
   0.0000000000000000     
   0.0000000000000000     
   0.0000000000000000     
   0.0000000000000000     
   0.0000000000000000     
   0.0000000000000000     
   0.0000000000000000     
   0.0000000000000000     
   0.0000000000000000     
   0.0000000000000000     
   0.0000000000000000     
   0.0000000000000000     
   0.0000000000000000     
   0.0000000000000000     
   0.0000000000000000     
   1.3894491515977740E-022
   0.0000000000000000     
   0.0000000000000000     
   4.5534384392452451E-022
   0.0000000000000000     
   0.0000000000000000     
   1.9647432915081937E-021
   0.0000000000000000     
   0.0000000000000000     
   7.8191994948406245E-021
   0.0000000000000000     
   0.0000000000000000     
   2.4678954458652945E-020
   0.0000000000000000     
   0.0000000000000000     
   4.9686127467867273E-020
   0.0000000000000000     
   0.0000000000000000     
   0.0000000000000000     
   0.0000000000000000     
   0.0000000000000000     
   0.0000000000000000     
   0.0000000000000000     
   0.0000000000000000     
   0.0000000000000000     
   0.0000000000000000     
   0.0000000000000000     
   0.0000000000000000     
   0.0000000000000000     
   0.0000000000000000     
   0.0000000000000000     
   0.0000000000000000     
   0.0000000000000000     
   0.0000000000000000     
   0.0000000000000000     
   0.0000000000000000     
   0.0000000000000000     
   0.0000000000000000     
   0.0000000000000000     
   0.0000000000000000     
   0.0000000000000000     
   0.0000000000000000     
   0.0000000000000000     
   0.0000000000000000     
   0.0000000000000000     
   0.0000000000000000     
   0.0000000000000000     
   0.0000000000000000     
   0.0000000000000000     
   0.0000000000000000     
   0.0000000000000000     
   9.8945382400030232E-013
   3.1935818565195820E-012
   1.3433730225536905E-011
   6.2125954507638041E-011
   2.8720132055881509E-010
   1.3280432044560911E-009
   6.1088691437081416E-009
   2.6952293717195134E-008
   1.0900232946261128E-007
   3.6291950363646418E-007
   7.4814163958674951E-007
   3.4036030561241293E-007
  -1.3761487461708019E-006
  -2.4769746557140922E-006
   1.3894491515977740E-022
   0.0000000000000000     
   0.0000000000000000     
   4.5534384392452451E-022
   0.0000000000000000     
   0.0000000000000000     
   1.9647432915081937E-021
   0.0000000000000000     
   0.0000000000000000     
   7.8191994948406245E-021
   0.0000000000000000     
   0.0000000000000000     
   2.4678954458652945E-020
   0.0000000000000000     
   0.0000000000000000     
   4.9686127467867273E-020
   0.0000000000000000     
   0.0000000000000000     
   8.6350923545512703E-020
   0.0000000000000000     
   0.0000000000000000     
   0.0000000000000000     
   0.0000000000000000     
   0.0000000000000000     
   0.0000000000000000     
   0.0000000000000000     
   0.0000000000000000     
   0.0000000000000000     
   0.0000000000000000     
   0.0000000000000000     
   0.0000000000000000     
   0.0000000000000000     
   0.0000000000000000     
   0.0000000000000000     
   0.0000000000000000     
   0.0000000000000000     
   0.0000000000000000     
   6.0481261158679707E-023
   0.0000000000000000     
   0.0000000000000000     
   2.0317968660067585E-022
   0.0000000000000000     
   0.0000000000000000     
   9.2861158846465277E-022
   0.0000000000000000     
   0.0000000000000000     
   4.1290556038202594E-021
   0.0000000000000000     
   0.0000000000000000     
   1.5742665859949355E-020
   0.0000000000000000     
   0.0000000000000000     
   3.9544126413993786E-020
   0.0000000000000000     
   0.0000000000000000     
   9.9372220841805907E-020
   0.0000000000000000     
   0.0000000000000000     
   0.0000000000000000     
   0.0000000000000000     
   0.0000000000000000     
   0.0000000000000000     
   0.0000000000000000     
   0.0000000000000000     
   0.0000000000000000     
   0.0000000000000000     
   0.0000000000000000     
   0.0000000000000000     
   0.0000000000000000     
   0.0000000000000000     
   0.0000000000000000     
   0.0000000000000000     
   0.0000000000000000     
   0.0000000000000000     
   0.0000000000000000     
   0.0000000000000000     
   0.0000000000000000     
   0.0000000000000000     
   0.0000000000000000     
   0.0000000000000000     
   0.0000000000000000     
   0.0000000000000000     
   0.0000000000000000     
   0.0000000000000000     
   0.0000000000000000     
   0.0000000000000000     
   0.0000000000000000     
   0.0000000000000000     
   0.0000000000000000     
   0.0000000000000000     
   0.0000000000000000     
   0.0000000000000000     
   0.0000000000000000     
   0.0000000000000000     
   4.1607509068829994E-013
   1.3431204653323015E-012
   5.6518673475500614E-012
   2.6161624568338025E-011
   1.2120800431613380E-010
   5.6345674972798634E-010
   2.6254532310385898E-009
   1.1946528067558125E-008
   5.1989027290539774E-008
   2.0572602903727638E-007
   6.3114304117922788E-007
   1.1021149601758886E-006
   1.5202752682489541E-007
  -1.8823663070332522E-006
   6.0481261158679707E-023
   0.0000000000000000     
   0.0000000000000000     
   2.0317968660067585E-022
   0.0000000000000000     
   0.0000000000000000     
   9.2861158846465277E-022
   0.0000000000000000     
   0.0000000000000000     
   4.1290556038202594E-021
   0.0000000000000000     
   0.0000000000000000     
   1.5742665859949355E-020
   0.0000000000000000     
   0.0000000000000000     
   3.9544126413993786E-020
   0.0000000000000000     
   0.0000000000000000     
   9.9372220841805907E-020
   0.0000000000000000     
   0.0000000000000000     
   1.7270175836201767E-019
   0.0000000000000000     
   0.0000000000000000     
   0.0000000000000000     
   0.0000000000000000     
   0.0000000000000000     
   0.0000000000000000     
   0.0000000000000000     
   0.0000000000000000     
   0.0000000000000000     
   0.0000000000000000     
   0.0000000000000000     
   0.0000000000000000     
   0.0000000000000000     
   0.0000000000000000     
   0.0000000000000000     
   0.0000000000000000     
   0.0000000000000000     
   0.0000000000000000     
   2.5877513926437470E-023
   0.0000000000000000     
   0.0000000000000000     
   8.8038657667921369E-023
   0.0000000000000000     
   0.0000000000000000     
   4.1457783702910704E-022
   0.0000000000000000     
   0.0000000000000000     
   1.9569414474002085E-021
   0.0000000000000000     
   0.0000000000000000     
   8.3194707571347016E-021
   0.0000000000000000     
   0.0000000000000000     
   2.4040621383900106E-020
   0.0000000000000000     
   0.0000000000000000     
   7.9088220339796741E-020
   0.0000000000000000     
   0.0000000000000000     
   1.9874430552560987E-019
   0.0000000000000000     
   0.0000000000000000     
   0.0000000000000000     
   0.0000000000000000     
   0.0000000000000000     
   0.0000000000000000     
   0.0000000000000000     
   0.0000000000000000     
   0.0000000000000000     
   0.0000000000000000     
   0.0000000000000000     
   0.0000000000000000     
   0.0000000000000000     
   0.0000000000000000     
   0.0000000000000000     
   0.0000000000000000     
   0.0000000000000000     
   0.0000000000000000     
   0.0000000000000000     
   0.0000000000000000     
   0.0000000000000000     
   0.0000000000000000     
   0.0000000000000000     
   0.0000000000000000     
   0.0000000000000000     
   0.0000000000000000     
   0.0000000000000000     
   0.0000000000000000     
   0.0000000000000000     
   0.0000000000000000     
   0.0000000000000000     
   0.0000000000000000     
   0.0000000000000000     
   0.0000000000000000     
   0.0000000000000000     
   0.0000000000000000     
   0.0000000000000000     
   0.0000000000000000     
   0.0000000000000000     
   0.0000000000000000     
   0.0000000000000000     
   1.7495085260651653E-013
   5.6479348592280503E-013
   2.3770914569427785E-012
   1.1008213128216307E-011
   5.1057585343156327E-011
   2.3798121271629223E-010
   1.1160710275148261E-009
   5.1579282003808530E-009
   2.3297054821821155E-008
   1.0076669441281864E-007
   3.7945674538431551E-007
   1.0737456036548405E-006
   1.5366851711122682E-006
   2.8514363923840932E-007
   2.5877513926437470E-023
   0.0000000000000000     
   0.0000000000000000     
   8.8038657667921369E-023
   0.0000000000000000     
   0.0000000000000000     
   4.1457783702910704E-022
   0.0000000000000000     
   0.0000000000000000     
   1.9569414474002085E-021
   0.0000000000000000     
   0.0000000000000000     
   8.3194707571347016E-021
   0.0000000000000000     
   0.0000000000000000     
   2.4040621383900106E-020
   0.0000000000000000     
   0.0000000000000000     
   7.9088220339796741E-020
   0.0000000000000000     
   0.0000000000000000     
   1.9874430552560987E-019
   0.0000000000000000     
   0.0000000000000000     
   3.4540316074028916E-019
   0.0000000000000000     
   0.0000000000000000     
   0.0000000000000000     
   0.0000000000000000     
   0.0000000000000000     
   0.0000000000000000     
   0.0000000000000000     
   0.0000000000000000     
   0.0000000000000000     
   0.0000000000000000     
   0.0000000000000000     
   0.0000000000000000     
   0.0000000000000000     
   0.0000000000000000     
   0.0000000000000000     
   0.0000000000000000     
   0.0000000000000000     
   0.0000000000000000     
   1.0975995397108022E-023
   0.0000000000000000     
   0.0000000000000000     
   3.7581030374085361E-023
   0.0000000000000000     
   0.0000000000000000     
   1.7968747227835100E-022
   0.0000000000000000     
   0.0000000000000000     
   8.7494488102236940E-022
   0.0000000000000000     
   0.0000000000000000     
   3.9446138925993700E-021
   0.0000000000000000     
   0.0000000000000000     
   1.2346410872511210E-020
   0.0000000000000000     
   0.0000000000000000     
   4.8081220776811772E-020
   0.0000000000000000     
   0.0000000000000000     
   1.5817631064743384E-019
   0.0000000000000000     
   0.0000000000000000     
   3.9748806498589577E-019
   0.0000000000000000     
   0.0000000000000000     
   0.0000000000000000     
   0.0000000000000000     
   0.0000000000000000     
   0.0000000000000000     
   0.0000000000000000     
   0.0000000000000000     
   0.0000000000000000     
   0.0000000000000000     
   0.0000000000000000     
   0.0000000000000000     
   0.0000000000000000     
   0.0000000000000000     
   0.0000000000000000     
   0.0000000000000000     
   0.0000000000000000     
   0.0000000000000000     
   0.0000000000000000     
   0.0000000000000000     
   0.0000000000000000     
   0.0000000000000000     
   0.0000000000000000     
   0.0000000000000000     
   0.0000000000000000     
   0.0000000000000000     
   0.0000000000000000     
   0.0000000000000000     
   0.0000000000000000     
   0.0000000000000000     
   0.0000000000000000     
   0.0000000000000000     
   0.0000000000000000     
   0.0000000000000000     
   0.0000000000000000     
   0.0000000000000000     
   0.0000000000000000     
   0.0000000000000000     
   0.0000000000000000     
   0.0000000000000000     
   0.0000000000000000     
   0.0000000000000000     
   0.0000000000000000     
   0.0000000000000000     
   7.3560468933748169E-014
   2.3748341645310767E-013
   9.9960659136120243E-013
   4.6301936387936896E-012
   2.1487262076134066E-011
   1.0028601672319305E-010
   4.7183947938478138E-010
   2.1976689474824659E-009
   1.0114176891686589E-008
   4.5773231807399462E-008
   1.9163000082319533E-007
   6.9308821842621630E-007
   1.7192096081410184E-006
   2.1837145274525153E-006
   1.0975995397108022E-023
   0.0000000000000000     
   0.0000000000000000     
   3.7581030374085361E-023
   0.0000000000000000     
   0.0000000000000000     
   1.7968747227835100E-022
   0.0000000000000000     
   0.0000000000000000     
   8.7494488102236940E-022
   0.0000000000000000     
   0.0000000000000000     
   3.9446138925993700E-021
   0.0000000000000000     
   0.0000000000000000     
   1.2346410872511210E-020
   0.0000000000000000     
   0.0000000000000000     
   4.8081220776811772E-020
   0.0000000000000000     
   0.0000000000000000     
   1.5817631064743384E-019
   0.0000000000000000     
   0.0000000000000000     
   3.9748806498589577E-019
   0.0000000000000000     
   0.0000000000000000     
   6.9080489968376861E-019
   0.0000000000000000     
   0.0000000000000000     
   0.0000000000000000     
   0.0000000000000000     
   0.0000000000000000     
   0.0000000000000000     
   0.0000000000000000     
   0.0000000000000000     
   0.0000000000000000     
   0.0000000000000000     
   0.0000000000000000     
   0.0000000000000000     
   0.0000000000000000     
   0.0000000000000000     
   0.0000000000000000     
   0.0000000000000000     
   0.0000000000000000     
   0.0000000000000000     
   4.6351568683216000E-024
   0.0000000000000000     
   0.0000000000000000     
   1.5921474761117217E-023
   0.0000000000000000     
   0.0000000000000000     
   7.6713737518813280E-023
   0.0000000000000000     
   0.0000000000000000     
   3.7950386931377361E-022
   0.0000000000000000     
   0.0000000000000000     
   1.7640181535162955E-021
   0.0000000000000000     
   0.0000000000000000     
   5.7627614829968549E-021
   0.0000000000000000     
   0.0000000000000000     
   2.4692809786889809E-020
   0.0000000000000000     
   0.0000000000000000     
   9.6162353728073290E-020
   0.0000000000000000     
   0.0000000000000000     
   3.1635209965071804E-019
   0.0000000000000000     
   0.0000000000000000     
   7.9497394837790214E-019
   0.0000000000000000     
   0.0000000000000000     
   0.0000000000000000     
   0.0000000000000000     
   0.0000000000000000     
   0.0000000000000000     
   0.0000000000000000     
   0.0000000000000000     
   0.0000000000000000     
   0.0000000000000000     
   0.0000000000000000     
   0.0000000000000000     
   0.0000000000000000     
   0.0000000000000000     
   0.0000000000000000     
   0.0000000000000000     
   0.0000000000000000     
   0.0000000000000000     
   0.0000000000000000     
   0.0000000000000000     
   0.0000000000000000     
   0.0000000000000000     
   0.0000000000000000     
   0.0000000000000000     
   0.0000000000000000     
   0.0000000000000000     
   0.0000000000000000     
   0.0000000000000000     
   0.0000000000000000     
   0.0000000000000000     
   0.0000000000000000     
   0.0000000000000000     
   0.0000000000000000     
   0.0000000000000000     
   0.0000000000000000     
   0.0000000000000000     
   0.0000000000000000     
   0.0000000000000000     
   0.0000000000000000     
   0.0000000000000000     
   0.0000000000000000     
   0.0000000000000000     
   0.0000000000000000     
   0.0000000000000000     
   0.0000000000000000     
   0.0000000000000000     
   0.0000000000000000     
   3.0928934209033546E-014
   9.9853052415731405E-014
   4.2031701811086738E-013
   1.9471372810250052E-012
   9.0385290003698621E-012
   4.2212939192684162E-011
   1.9893094998639435E-010
   9.3017688252716017E-010
   4.3213737150511703E-009
   2.0009205028627245E-008
   8.8423449784786413E-008
   3.6318627974508582E-007
   1.1842949203943474E-006
   2.3926009228072753E-006
   4.6351568683216000E-024
   0.0000000000000000     
   0.0000000000000000     
   1.5921474761117217E-023
   0.0000000000000000     
   0.0000000000000000     
   7.6713737518813280E-023
   0.0000000000000000     
   0.0000000000000000     
   3.7950386931377361E-022
   0.0000000000000000     
   0.0000000000000000     
   1.7640181535162955E-021
   0.0000000000000000     
   0.0000000000000000     
   5.7627614829968549E-021
   0.0000000000000000     
   0.0000000000000000     
   2.4692809786889809E-020
   0.0000000000000000     
   0.0000000000000000     
   9.6162353728073290E-020
   0.0000000000000000     
   0.0000000000000000     
   3.1635209965071804E-019
   0.0000000000000000     
   0.0000000000000000     
   7.9497394837790214E-019
   0.0000000000000000     
   0.0000000000000000     
   1.3816041121978587E-018
   0.0000000000000000     
   0.0000000000000000     
   0.0000000000000000     
   0.0000000000000000     
   0.0000000000000000     
   0.0000000000000000     
   0.0000000000000000     
   0.0000000000000000     
   0.0000000000000000     
   0.0000000000000000     
   0.0000000000000000     
   0.0000000000000000     
   0.0000000000000000     
   0.0000000000000000     
   0.0000000000000000     
   0.0000000000000000     
   0.0000000000000000     
   0.0000000000000000     
   6.4654224759410564E-007
   0.0000000000000000     
   0.0000000000000000     
   9.8156791230496989E-007
   0.0000000000000000     
   0.0000000000000000     
   9.7875651687494488E-007
   0.0000000000000000     
   0.0000000000000000     
   4.3722453179997272E-007
   0.0000000000000000     
   0.0000000000000000     
   9.4294133862087360E-009
   0.0000000000000000     
   0.0000000000000000     
  -1.0065982717859783E-007
   0.0000000000000000     
   0.0000000000000000     
  -9.3818720223570288E-008
   0.0000000000000000     
   0.0000000000000000     
  -5.4325097937530589E-008
   0.0000000000000000     
   0.0000000000000000     
  -2.6515280452111888E-008
   0.0000000000000000     
   0.0000000000000000     
  -1.1986037308981879E-008
   0.0000000000000000     
   0.0000000000000000     
  -5.2229443676108981E-009
   0.0000000000000000     
   0.0000000000000000     
   0.0000000000000000     
   0.0000000000000000     
   0.0000000000000000     
   0.0000000000000000     
   0.0000000000000000     
   0.0000000000000000     
   0.0000000000000000     
   0.0000000000000000     
   0.0000000000000000     
   0.0000000000000000     
   0.0000000000000000     
   0.0000000000000000     
   0.0000000000000000     
   0.0000000000000000     
   0.0000000000000000     
   9.1768401233165344E-008
   0.0000000000000000     
   0.0000000000000000     
   9.1993201413189008E-008
   0.0000000000000000     
   0.0000000000000000     
  -4.7051698507735378E-008
   0.0000000000000000     
   0.0000000000000000     
  -2.4216830834478085E-007
   0.0000000000000000     
   0.0000000000000000     
  -2.7948320108154389E-007
   0.0000000000000000     
   0.0000000000000000     
  -2.1883319730344223E-007
   0.0000000000000000     
   0.0000000000000000     
  -1.2558296991215947E-007
   0.0000000000000000     
   0.0000000000000000     
  -6.1915386127777917E-008
   0.0000000000000000     
   0.0000000000000000     
  -2.8218870729471323E-008
   0.0000000000000000     
   0.0000000000000000     
  -1.2356220815268761E-008
   0.0000000000000000     
   0.0000000000000000     
  -5.3020714998610077E-009
   0.0000000000000000     
   0.0000000000000000     
   0.0000000000000000     
   0.0000000000000000     
   0.0000000000000000     
   0.0000000000000000     
   0.0000000000000000     
   0.0000000000000000     
   0.0000000000000000     
   0.0000000000000000     
   0.0000000000000000     
   0.0000000000000000     
   0.0000000000000000     
   0.0000000000000000     
   0.0000000000000000     
   0.0000000000000000     
   0.0000000000000000     
   0.0000000000000000     
   2.7530520369949602E-007
   0.0000000000000000     
   0.0000000000000000     
   2.7597960423956708E-007
   0.0000000000000000     
   0.0000000000000000     
  -1.4115509552320587E-007
   0.0000000000000000     
   0.0000000000000000     
  -7.2650492503434255E-007
   0.0000000000000000     
   0.0000000000000000     
  -8.3844960324463162E-007
   0.0000000000000000     
   0.0000000000000000     
  -6.5649959191032662E-007
   0.0000000000000000     
   0.0000000000000000     
  -3.7674890973647831E-007
   0.0000000000000000     
   0.0000000000000000     
  -1.8574615838333375E-007
   0.0000000000000000     
   0.0000000000000000     
  -8.4656612188413993E-008
   0.0000000000000000     
   0.0000000000000000     
  -3.7068662445806282E-008
   0.0000000000000000     
   0.0000000000000000     
  -1.5906214499583022E-008
   0.0000000000000000     
   0.0000000000000000     
   0.0000000000000000     
   0.0000000000000000     
   0.0000000000000000     
   0.0000000000000000     
   0.0000000000000000     
   0.0000000000000000     
   0.0000000000000000     
   0.0000000000000000     
   0.0000000000000000     
   0.0000000000000000     
   0.0000000000000000     
   0.0000000000000000     
   0.0000000000000000     
   0.0000000000000000     
   0.0000000000000000     
   0.0000000000000000     
   0.0000000000000000     
   0.0000000000000000     
   0.0000000000000000     
   0.0000000000000000     
   0.0000000000000000     
   0.0000000000000000     
   0.0000000000000000     
   0.0000000000000000     
   0.0000000000000000     
   0.0000000000000000     
   0.0000000000000000     
   0.0000000000000000     
   0.0000000000000000     
   0.0000000000000000     
   0.0000000000000000     
   0.0000000000000000     
   0.0000000000000000     
   0.0000000000000000     
   0.0000000000000000     
   0.0000000000000000     
   0.0000000000000000     
   0.0000000000000000     
   0.0000000000000000     
   0.0000000000000000     
   0.0000000000000000     
   0.0000000000000000     
   0.0000000000000000     
   0.0000000000000000     
   0.0000000000000000     
   0.0000000000000000     
   0.0000000000000000     
   0.0000000000000000     
   0.0000000000000000     
   0.0000000000000000     
   0.0000000000000000     
   0.0000000000000000     
   4.1858679608715119E-028
   2.6306492902822207E-027
   2.4938735409948987E-026
   2.7099149317904545E-025
   2.8598662044402206E-024
   2.8248575097684823E-023
   2.3885992986491638E-022
   1.4302597411668321E-021
   4.9452995616045883E-021
   8.8436869728947123E-021
   8.9616512150279770E-021
   6.3849518088878274E-021
   3.9032910484268163E-021
   2.4847192400879335E-021
   4.7684259547706607E-007
   0.0000000000000000     
   0.0000000000000000     
   4.7801068918668515E-007
   0.0000000000000000     
   0.0000000000000000     
  -2.4448779178655032E-007
   0.0000000000000000     
   0.0000000000000000     
  -1.2583434057529103E-006
   0.0000000000000000     
   0.0000000000000000     
  -1.4522372632470702E-006
   0.0000000000000000     
   0.0000000000000000     
  -1.1370906068734677E-006
   0.0000000000000000     
   0.0000000000000000     
  -6.5254822822919984E-007
   0.0000000000000000     
   0.0000000000000000     
  -3.2172177088291222E-007
   0.0000000000000000     
   0.0000000000000000     
  -1.4662954761188647E-007
   0.0000000000000000     
   0.0000000000000000     
  -6.4204804124415894E-008
   0.0000000000000000     
   0.0000000000000000     
  -2.7550370549424474E-008
   0.0000000000000000     
   0.0000000000000000     
   2.6685052050614801E-020
   2.9650058438904440E-021
   8.8950175316713334E-021
   0.0000000000000000     
   0.0000000000000000     
   0.0000000000000000     
   0.0000000000000000     
   0.0000000000000000     
   0.0000000000000000     
   0.0000000000000000     
   0.0000000000000000     
   0.0000000000000000     
   0.0000000000000000     
   0.0000000000000000     
   0.0000000000000000     
   0.0000000000000000     
   0.0000000000000000     
   0.0000000000000000     
   0.0000000000000000     
   0.0000000000000000     
   1.5894753346520879E-007
   0.0000000000000000     
   0.0000000000000000     
   1.5933689879856042E-007
   0.0000000000000000     
   0.0000000000000000     
  -8.1495932397810237E-008
   0.0000000000000000     
   0.0000000000000000     
  -4.1944781403616632E-007
   0.0000000000000000     
   0.0000000000000000     
  -4.8407910413522305E-007
   0.0000000000000000     
   0.0000000000000000     
  -3.7903021611230658E-007
   0.0000000000000000     
   0.0000000000000000     
  -2.1751608445325388E-007
   0.0000000000000000     
   0.0000000000000000     
  -1.0724059454355660E-007
   0.0000000000000000     
   0.0000000000000000     
  -4.8876517835662565E-008
   0.0000000000000000     
   0.0000000000000000     
  -2.1401602241585633E-008
   0.0000000000000000     
   0.0000000000000000     
  -9.1834572231221883E-009
   0.0000000000000000     
   0.0000000000000000     
   0.0000000000000000     
   0.0000000000000000     
   5.1355407663568834E-021
   0.0000000000000000     
   0.0000000000000000     
   0.0000000000000000     
   0.0000000000000000     
   0.0000000000000000     
   0.0000000000000000     
   0.0000000000000000     
   0.0000000000000000     
   0.0000000000000000     
   0.0000000000000000     
   0.0000000000000000     
   0.0000000000000000     
   0.0000000000000000     
   0.0000000000000000     
   0.0000000000000000     
   0.0000000000000000     
   0.0000000000000000     
   0.0000000000000000     
   3.6590875421019383E-007
   0.0000000000000000     
   0.0000000000000000     
   7.8052279496140831E-007
   0.0000000000000000     
   0.0000000000000000     
   1.3938494115389938E-006
   0.0000000000000000     
   0.0000000000000000     
   1.3666763397776599E-006
   0.0000000000000000     
   0.0000000000000000     
   6.1406224542381169E-007
   0.0000000000000000     
   0.0000000000000000     
   1.0046030849582227E-007
   0.0000000000000000     
   0.0000000000000000     
  -1.4235445114100989E-007
   0.0000000000000000     
   0.0000000000000000     
  -1.3267967830222818E-007
   0.0000000000000000     
   0.0000000000000000     
  -7.6827275418038707E-008
   0.0000000000000000     
   0.0000000000000000     
  -3.7498262150800009E-008
   0.0000000000000000     
   0.0000000000000000     
  -1.6950813368522294E-008
   0.0000000000000000     
   0.0000000000000000     
   0.0000000000000000     
   0.0000000000000000     
   2.8952753257803491E-020
   0.0000000000000000     
   0.0000000000000000     
   0.0000000000000000     
   0.0000000000000000     
   0.0000000000000000     
   0.0000000000000000     
   0.0000000000000000     
   0.0000000000000000     
   0.0000000000000000     
   0.0000000000000000     
   0.0000000000000000     
   0.0000000000000000     
   0.0000000000000000     
   0.0000000000000000     
   0.0000000000000000     
   0.0000000000000000     
   0.0000000000000000     
   0.0000000000000000     
   6.2930904590278751E-008
   0.0000000000000000     
   0.0000000000000000     
   1.1721130761115717E-007
   0.0000000000000000     
   0.0000000000000000     
   1.2908907449814836E-007
   0.0000000000000000     
   0.0000000000000000     
  -7.6829243384064896E-008
   0.0000000000000000     
   0.0000000000000000     
  -3.4343700632581117E-007
   0.0000000000000000     
   0.0000000000000000     
  -4.0410928714177854E-007
   0.0000000000000000     
   0.0000000000000000     
  -3.0947685859661239E-007
   0.0000000000000000     
   0.0000000000000000     
  -1.7760112886511214E-007
   0.0000000000000000     
   0.0000000000000000     
  -8.7561573724693596E-008
   0.0000000000000000     
   0.0000000000000000     
  -3.9907507293806560E-008
   0.0000000000000000     
   0.0000000000000000     
  -1.7474333995045098E-008
   0.0000000000000000     
   0.0000000000000000     
   0.0000000000000000     
   0.0000000000000000     
   3.2169726717059229E-021
   0.0000000000000000     
   0.0000000000000000     
   0.0000000000000000     
   0.0000000000000000     
   0.0000000000000000     
   0.0000000000000000     
   0.0000000000000000     
   0.0000000000000000     
   0.0000000000000000     
   0.0000000000000000     
   0.0000000000000000     
   0.0000000000000000     
   0.0000000000000000     
   0.0000000000000000     
   0.0000000000000000     
   0.0000000000000000     
   0.0000000000000000     
   0.0000000000000000     
   0.0000000000000000     
   1.8879271377083623E-007
   0.0000000000000000     
   0.0000000000000000     
   3.5163392283347155E-007
   0.0000000000000000     
   0.0000000000000000     
   3.8726722349444499E-007
   0.0000000000000000     
   0.0000000000000000     
  -2.3048773015219500E-007
   0.0000000000000000     
   0.0000000000000000     
  -1.0303110189774335E-006
   0.0000000000000000     
   0.0000000000000000     
  -1.2123278614253355E-006
   0.0000000000000000     
   0.0000000000000000     
  -9.2843057578983740E-007
   0.0000000000000000     
   0.0000000000000000     
  -5.3280338659533648E-007
   0.0000000000000000     
   0.0000000000000000     
  -2.6268472117408078E-007
   0.0000000000000000     
   0.0000000000000000     
  -1.1972252188141968E-007
   0.0000000000000000     
   0.0000000000000000     
  -5.2423001985135293E-008
   0.0000000000000000     
   0.0000000000000000     
   0.0000000000000000     
   0.0000000000000000     
   9.6509180151177686E-021
   0.0000000000000000     
   0.0000000000000000     
   0.0000000000000000     
   0.0000000000000000     
   0.0000000000000000     
   0.0000000000000000     
   0.0000000000000000     
   0.0000000000000000     
   0.0000000000000000     
   0.0000000000000000     
   0.0000000000000000     
   0.0000000000000000     
   0.0000000000000000     
   0.0000000000000000     
   0.0000000000000000     
   0.0000000000000000     
   0.0000000000000000     
   0.0000000000000000     
   0.0000000000000000     
   0.0000000000000000     
   0.0000000000000000     
   0.0000000000000000     
   0.0000000000000000     
   0.0000000000000000     
   0.0000000000000000     
   0.0000000000000000     
   0.0000000000000000     
   0.0000000000000000     
   0.0000000000000000     
   0.0000000000000000     
   0.0000000000000000     
   0.0000000000000000     
   0.0000000000000000     
   0.0000000000000000     
   0.0000000000000000     
   0.0000000000000000     
   0.0000000000000000     
   0.0000000000000000     
   0.0000000000000000     
   0.0000000000000000     
   0.0000000000000000     
   0.0000000000000000     
   0.0000000000000000     
   0.0000000000000000     
   0.0000000000000000     
   0.0000000000000000     
   0.0000000000000000     
   0.0000000000000000     
   0.0000000000000000     
   0.0000000000000000     
   0.0000000000000000     
   0.0000000000000000     
   0.0000000000000000     
   0.0000000000000000     
   0.0000000000000000     
   0.0000000000000000     
   5.5719601139552504E-021
   0.0000000000000000     
   0.0000000000000000     
   0.0000000000000000     
   0.0000000000000000     
   1.2468527628817606E-028
   7.8502763535446472E-028
   7.4775232338969108E-027
   8.2216713192103433E-026
   8.9220603704693191E-025
   9.4028831538893371E-024
   9.1787208475420290E-023
   7.2813998131615148E-022
   3.9381817647953763E-021
   1.1905174488911604E-020
   1.8465303934845855E-020
   1.7048251951207946E-020
   1.1814291112360940E-020
   7.9097902819318473E-021
   3.2699856848892081E-007
   0.0000000000000000     
   0.0000000000000000     
   6.0904780874475637E-007
   0.0000000000000000     
   0.0000000000000000     
   6.7076648684976302E-007
   0.0000000000000000     
   0.0000000000000000     
  -3.9921644128898123E-007
   0.0000000000000000     
   0.0000000000000000     
  -1.7845509292392595E-006
   0.0000000000000000     
   0.0000000000000000     
  -2.0998133129972350E-006
   0.0000000000000000     
   0.0000000000000000     
  -1.6080888112920782E-006
   0.0000000000000000     
   0.0000000000000000     
  -9.2284246494792682E-007
   0.0000000000000000     
   0.0000000000000000     
  -4.5498324738947114E-007
   0.0000000000000000     
   0.0000000000000000     
  -2.0736547403503231E-007
   0.0000000000000000     
   0.0000000000000000     
  -9.0799295568663936E-008
   0.0000000000000000     
   0.0000000000000000     
   2.8952753257803491E-020
   3.2169726717059221E-021
   9.6509180151177671E-021
   0.0000000000000000     
   0.0000000000000000     
   0.0000000000000000     
   5.3370101379233687E-020
   5.9300115063144896E-021
   1.7790034518943471E-020
   0.0000000000000000     
   0.0000000000000000     
   0.0000000000000000     
   0.0000000000000000     
   0.0000000000000000     
   0.0000000000000000     
   0.0000000000000000     
   0.0000000000000000     
   0.0000000000000000     
   0.0000000000000000     
   0.0000000000000000     
   0.0000000000000000     
   0.0000000000000000     
   0.0000000000000000     
   0.0000000000000000     
   0.0000000000000000     
   0.0000000000000000     
   1.0899952411663226E-007
   0.0000000000000000     
   0.0000000000000000     
   2.0301594000410892E-007
   0.0000000000000000     
   0.0000000000000000     
   2.2358883573283683E-007
   0.0000000000000000     
   0.0000000000000000     
  -1.3307215304827552E-007
   0.0000000000000000     
   0.0000000000000000     
  -5.9485034415565870E-007
   0.0000000000000000     
   0.0000000000000000     
  -6.9993781714000102E-007
   0.0000000000000000     
   0.0000000000000000     
  -5.3602964285614161E-007
   0.0000000000000000     
   0.0000000000000000     
  -3.0761417867596173E-007
   0.0000000000000000     
   0.0000000000000000     
  -1.5166109448185737E-007
   0.0000000000000000     
   0.0000000000000000     
  -6.9121830236298522E-008
   0.0000000000000000     
   0.0000000000000000     
  -3.0266434307846145E-008
   0.0000000000000000     
   0.0000000000000000     
   0.0000000000000000     
   0.0000000000000000     
   5.5719601139552504E-021
   0.0000000000000000     
   0.0000000000000000     
   0.0000000000000000     
   0.0000000000000000     
   0.0000000000000000     
   1.0271081218404747E-020
   0.0000000000000000     
   0.0000000000000000     
   0.0000000000000000     
   0.0000000000000000     
   0.0000000000000000     
   0.0000000000000000     
   0.0000000000000000     
   0.0000000000000000     
   0.0000000000000000     
   0.0000000000000000     
   0.0000000000000000     
   0.0000000000000000     
   0.0000000000000000     
   0.0000000000000000     
   0.0000000000000000     
   0.0000000000000000     
   0.0000000000000000     
   0.0000000000000000     
   2.7829028130252406E-021
   0.0000000000000000     
   0.0000000000000000     
   6.7073381850632260E-021
   0.0000000000000000     
   0.0000000000000000     
   1.2753594471406236E-020
   0.0000000000000000     
   0.0000000000000000     
   1.4367081214030400E-020
   0.0000000000000000     
   0.0000000000000000     
   1.0750201771369587E-020
   0.0000000000000000     
   0.0000000000000000     
   7.0930489994082642E-021
   0.0000000000000000     
   0.0000000000000000     
   3.6181350622195670E-021
   0.0000000000000000     
   0.0000000000000000     
   1.6809654625203320E-021
   0.0000000000000000     
   0.0000000000000000     
   7.4356382343318157E-022
   0.0000000000000000     
   0.0000000000000000     
   3.2073637001305803E-022
   0.0000000000000000     
   0.0000000000000000     
   1.3659765625843752E-022
   0.0000000000000000     
   0.0000000000000000     
   0.0000000000000000     
   0.0000000000000000     
   9.1307740884395439E-007
   0.0000000000000000     
   0.0000000000000000     
   0.0000000000000000     
   0.0000000000000000     
   0.0000000000000000     
  -1.3033586588744176E-007
   0.0000000000000000     
   0.0000000000000000     
   0.0000000000000000     
   0.0000000000000000     
   0.0000000000000000     
   0.0000000000000000     
   0.0000000000000000     
   0.0000000000000000     
   0.0000000000000000     
   0.0000000000000000     
   0.0000000000000000     
   0.0000000000000000     
   0.0000000000000000     
   0.0000000000000000     
   0.0000000000000000     
   0.0000000000000000     
   0.0000000000000000     
   0.0000000000000000     
   0.0000000000000000     
   0.0000000000000000     
   0.0000000000000000     
   0.0000000000000000     
   0.0000000000000000     
   0.0000000000000000     
   0.0000000000000000     
   0.0000000000000000     
   0.0000000000000000     
   0.0000000000000000     
   0.0000000000000000     
   0.0000000000000000     
   0.0000000000000000     
   0.0000000000000000     
   0.0000000000000000     
   0.0000000000000000     
   0.0000000000000000     
   0.0000000000000000     
   0.0000000000000000     
   0.0000000000000000     
   0.0000000000000000     
   0.0000000000000000     
   0.0000000000000000     
   0.0000000000000000     
   0.0000000000000000     
   0.0000000000000000     
   0.0000000000000000     
   0.0000000000000000     
   0.0000000000000000     
   0.0000000000000000     
   0.0000000000000000     
   0.0000000000000000     
   0.0000000000000000     
   0.0000000000000000     
   0.0000000000000000     
   0.0000000000000000     
  -8.6729861217295723E-008
   0.0000000000000000     
   0.0000000000000000     
   0.0000000000000000     
   0.0000000000000000     
   0.0000000000000000     
  -2.6793395457251003E-007
   0.0000000000000000     
   0.0000000000000000     
   1.0167062646075265E-013
   6.3654455944038335E-013
   5.9752501969975877E-012
   6.3350490300947621E-011
   6.3036894377198816E-010
   5.4112500024999002E-009
   3.2720232147625368E-008
   8.3843114114256799E-008
  -8.2932099204956727E-008
  -5.6284045303782132E-007
  -7.5771011921181333E-007
  -5.9329351388951099E-007
  -3.7523243393016536E-007
  -2.4175244438290482E-007
   9.2763427991132355E-022
   0.0000000000000000     
   0.0000000000000000     
   2.2357794254173358E-021
   0.0000000000000000     
   0.0000000000000000     
   4.2511982381649606E-021
   0.0000000000000000     
   0.0000000000000000     
   4.7890271857519955E-021
   0.0000000000000000     
   0.0000000000000000     
   3.5834006878612483E-021
   0.0000000000000000     
   0.0000000000000000     
   2.3643497346636322E-021
   0.0000000000000000     
   0.0000000000000000     
   1.2060450570520510E-021
   0.0000000000000000     
   0.0000000000000000     
   5.6032183808905070E-022
   0.0000000000000000     
   0.0000000000000000     
   2.4785461552757535E-022
   0.0000000000000000     
   0.0000000000000000     
   1.0691212668519458E-022
   0.0000000000000000     
   0.0000000000000000     
   4.5532553515886598E-023
   0.0000000000000000     
   0.0000000000000000     
  -9.2775355980139166E-007
  -5.0073508720584578E-008
  -2.5036754360292289E-007
   0.0000000000000000     
   0.0000000000000000     
   0.0000000000000000     
  -1.1622844492954382E-006
  -1.5469174079747967E-007
  -7.7345870398739816E-007
   0.0000000000000000     
   0.0000000000000000     
   0.0000000000000000     
   7.1344201618832895E-021
   0.0000000000000000     
   0.0000000000000000     
   0.0000000000000000     
   0.0000000000000000     
   0.0000000000000000     
   0.0000000000000000     
   0.0000000000000000     
   0.0000000000000000     
   0.0000000000000000     
   0.0000000000000000     
   0.0000000000000000     
   0.0000000000000000     
   0.0000000000000000     
   0.0000000000000000     
   0.0000000000000000     
   0.0000000000000000     
   0.0000000000000000     
   0.0000000000000000     
   0.0000000000000000     
   0.0000000000000000     
   0.0000000000000000     
   0.0000000000000000     
   0.0000000000000000     
   0.0000000000000000     
   0.0000000000000000     
   0.0000000000000000     
   0.0000000000000000     
   0.0000000000000000     
   0.0000000000000000     
   0.0000000000000000     
   0.0000000000000000     
   0.0000000000000000     
   0.0000000000000000     
   0.0000000000000000     
   0.0000000000000000     
   0.0000000000000000     
   0.0000000000000000     
   0.0000000000000000     
   0.0000000000000000     
   0.0000000000000000     
   0.0000000000000000     
   0.0000000000000000     
   0.0000000000000000     
   0.0000000000000000     
   0.0000000000000000     
   0.0000000000000000     
   0.0000000000000000     
   0.0000000000000000     
   0.0000000000000000     
   0.0000000000000000     
   0.0000000000000000     
   0.0000000000000000     
   0.0000000000000000     
   0.0000000000000000     
   8.0985697167015642E-007
   0.0000000000000000     
   0.0000000000000000     
   0.0000000000000000     
   0.0000000000000000     
   0.0000000000000000     
   3.0226572730990376E-007
   0.0000000000000000     
   0.0000000000000000     
   0.0000000000000000     
   0.0000000000000000     
   3.7933504313483813E-013
   2.3775404757096518E-012
   2.2381506453301743E-011
   2.3899799175492994E-010
   2.4202798736877224E-009
   2.1721287840823172E-008
   1.4839949545996692E-007
   5.7921919130415762E-007
   9.3340921522148101E-007
   4.0432856753439987E-007
  -2.0761185157967222E-007
  -3.3631660032891749E-007
  -2.5173966837078948E-007
  -1.7111535448695235E-007
   6.2227598646998238E-021
   0.0000000000000000     
   0.0000000000000000     
   1.4998064129881436E-020
   0.0000000000000000     
   0.0000000000000000     
   2.8517904195529836E-020
   0.0000000000000000     
   0.0000000000000000     
   3.2125770232832176E-020
   0.0000000000000000     
   0.0000000000000000     
   2.4038181932621046E-020
   0.0000000000000000     
   0.0000000000000000     
   1.5860539730413742E-020
   0.0000000000000000     
   0.0000000000000000     
   8.0903959508983828E-021
   0.0000000000000000     
   0.0000000000000000     
   3.7587530420248364E-021
   0.0000000000000000     
   0.0000000000000000     
   1.6626592548062450E-021
   0.0000000000000000     
   0.0000000000000000     
   7.1718832620572271E-022
   0.0000000000000000     
   0.0000000000000000     
   3.0544164496101589E-022
   0.0000000000000000     
   0.0000000000000000     
  -5.5983882695547015E-007
   4.6757114059885992E-007
   1.4027134217965797E-006
   0.0000000000000000     
   0.0000000000000000     
   0.0000000000000000     
  -1.7295061613086136E-006
   1.7451319902917097E-007
   5.2353959708751302E-007
   0.0000000000000000     
   0.0000000000000000     
   0.0000000000000000     
   4.4314022807865105E-020
   0.0000000000000000     
   0.0000000000000000     
   0.0000000000000000     
   0.0000000000000000     
   0.0000000000000000     
   0.0000000000000000     
   0.0000000000000000     
   0.0000000000000000     
   0.0000000000000000     
   0.0000000000000000     
   0.0000000000000000     
   0.0000000000000000     
   0.0000000000000000     
   0.0000000000000000     
   0.0000000000000000     
   0.0000000000000000     
   0.0000000000000000     
   0.0000000000000000     
   0.0000000000000000     
   0.0000000000000000     
   6.9141776938026231E-022
   0.0000000000000000     
   0.0000000000000000     
   1.6664515926428616E-021
   0.0000000000000000     
   0.0000000000000000     
   3.1686560821213967E-021
   0.0000000000000000     
   0.0000000000000000     
   3.5695301111453247E-021
   0.0000000000000000     
   0.0000000000000000     
   2.6709091762257520E-021
   0.0000000000000000     
   0.0000000000000000     
   1.7622822430971571E-021
   0.0000000000000000     
   0.0000000000000000     
   8.9893291049866602E-022
   0.0000000000000000     
   0.0000000000000000     
   4.1763923974824929E-022
   0.0000000000000000     
   0.0000000000000000     
   1.8473992295224444E-022
   0.0000000000000000     
   0.0000000000000000     
   7.9687594295721446E-023
   0.0000000000000000     
   0.0000000000000000     
   3.3937961616889827E-023
   0.0000000000000000     
   0.0000000000000000     
   0.0000000000000000     
   0.0000000000000000     
  -1.9393386191416110E-007
   0.0000000000000000     
   0.0000000000000000     
   0.0000000000000000     
   0.0000000000000000     
   0.0000000000000000     
  -5.9911852229122969E-007
   0.0000000000000000     
   0.0000000000000000     
   0.0000000000000000     
   1.7725609681334159E-021
   0.0000000000000000     
   1.1890700269805480E-020
   0.0000000000000000     
   7.5780810693743931E-014
   4.7445230187211741E-013
   4.4536885410185365E-012
   4.7218667573619988E-011
   4.6984926972630283E-010
   4.0333076162785605E-009
   2.4388221107221412E-008
   6.2492967534916740E-008
  -6.1813937113013078E-008
  -4.1951650449311549E-007
  -5.6476377793236132E-007
  -4.4221487588888732E-007
  -2.7968174321018281E-007
  -1.8019163312230417E-007
   6.9141776938026231E-022
   0.0000000000000000     
   0.0000000000000000     
   1.6664515926428616E-021
   0.0000000000000000     
   0.0000000000000000     
   3.1686560821213967E-021
   0.0000000000000000     
   0.0000000000000000     
   3.5695301111453247E-021
   0.0000000000000000     
   0.0000000000000000     
   2.6709091762257520E-021
   0.0000000000000000     
   0.0000000000000000     
   1.7622822430971571E-021
   0.0000000000000000     
   0.0000000000000000     
   8.9893291049866602E-022
   0.0000000000000000     
   0.0000000000000000     
   4.1763923974824929E-022
   0.0000000000000000     
   0.0000000000000000     
   1.8473992295224444E-022
   0.0000000000000000     
   0.0000000000000000     
   7.9687594295721446E-023
   0.0000000000000000     
   0.0000000000000000     
   3.3937961616889827E-023
   0.0000000000000000     
   0.0000000000000000     
  -6.9150667536110924E-007
  -1.1196776937115562E-007
  -1.1196776937115567E-007
   0.0000000000000000     
   0.0000000000000000     
   0.0000000000000000     
  -8.6631567927183562E-007
  -3.4590124798094189E-007
  -3.4590124798094199E-007
   0.0000000000000000     
   0.0000000000000000     
   0.0000000000000000     
   5.3176828206720295E-021
   0.0000000000000000     
   0.0000000000000000     
   0.0000000000000000     
   0.0000000000000000     
   3.9635668190091569E-021
   0.0000000000000000     
   0.0000000000000000     
   0.0000000000000000     
   0.0000000000000000     
   0.0000000000000000     
   0.0000000000000000     
   0.0000000000000000     
   0.0000000000000000     
   0.0000000000000000     
   0.0000000000000000     
   0.0000000000000000     
   0.0000000000000000     
   0.0000000000000000     
   0.0000000000000000     
   0.0000000000000000     
   0.0000000000000000     
   0.0000000000000000     
   2.0742533081407864E-021
   0.0000000000000000     
   0.0000000000000000     
   4.9993547779285841E-021
   0.0000000000000000     
   0.0000000000000000     
   9.5059682463641917E-021
   0.0000000000000000     
   0.0000000000000000     
   1.0708590333435973E-020
   0.0000000000000000     
   0.0000000000000000     
   8.0127275286772552E-021
   0.0000000000000000     
   0.0000000000000000     
   5.2868467292914720E-021
   0.0000000000000000     
   0.0000000000000000     
   2.6967987314959973E-021
   0.0000000000000000     
   0.0000000000000000     
   1.2529177192447480E-021
   0.0000000000000000     
   0.0000000000000000     
   5.5421976885673325E-022
   0.0000000000000000     
   0.0000000000000000     
   2.3906278288716434E-022
   0.0000000000000000     
   0.0000000000000000     
   1.0181388485066947E-022
   0.0000000000000000     
   0.0000000000000000     
   0.0000000000000000     
   0.0000000000000000     
  -5.8180158574248326E-007
   0.0000000000000000     
   0.0000000000000000     
   0.0000000000000000     
   0.0000000000000000     
   0.0000000000000000     
  -1.7973555668736894E-006
   0.0000000000000000     
   0.0000000000000000     
   0.0000000000000000     
   8.8628048406670819E-021
   0.0000000000000000     
   3.5672100809416439E-020
   0.0000000000000000     
   3.9635668190091554E-021
   0.0000000000000000     
   0.0000000000000000     
   0.0000000000000000     
   0.0000000000000000     
   0.0000000000000000     
   0.0000000000000000     
   0.0000000000000000     
   0.0000000000000000     
   0.0000000000000000     
   0.0000000000000000     
   0.0000000000000000     
   0.0000000000000000     
   0.0000000000000000     
   0.0000000000000000     
   0.0000000000000000     
   0.0000000000000000     
   0.0000000000000000     
   0.0000000000000000     
   0.0000000000000000     
   0.0000000000000000     
   0.0000000000000000     
   0.0000000000000000     
   0.0000000000000000     
   0.0000000000000000     
   0.0000000000000000     
   0.0000000000000000     
   0.0000000000000000     
   0.0000000000000000     
   0.0000000000000000     
   0.0000000000000000     
   0.0000000000000000     
   0.0000000000000000     
   0.0000000000000000     
   0.0000000000000000     
   0.0000000000000000     
   0.0000000000000000     
   0.0000000000000000     
   0.0000000000000000     
   0.0000000000000000     
   0.0000000000000000     
   0.0000000000000000     
   0.0000000000000000     
   0.0000000000000000     
   0.0000000000000000     
   0.0000000000000000     
   0.0000000000000000     
   0.0000000000000000     
   0.0000000000000000     
   0.0000000000000000     
   0.0000000000000000     
   0.0000000000000000     
   0.0000000000000000     
   0.0000000000000000     
  -1.9393386536099568E-007
   0.0000000000000000     
   0.0000000000000000     
   0.0000000000000000     
   0.0000000000000000     
   0.0000000000000000     
  -5.9911853590447312E-007
   0.0000000000000000     
   0.0000000000000000     
   0.0000000000000000     
   0.0000000000000000     
   0.0000000000000000     
   0.0000000000000000     
   0.0000000000000000     
   0.0000000000000000     
   0.0000000000000000     
   0.0000000000000000     
   0.0000000000000000     
   0.0000000000000000     
   0.0000000000000000     
   0.0000000000000000     
   0.0000000000000000     
   0.0000000000000000     
   0.0000000000000000     
   0.0000000000000000     
   0.0000000000000000     
   0.0000000000000000     
   0.0000000000000000     
   0.0000000000000000     
   0.0000000000000000     
   0.0000000000000000     
   1.1975707058225555E-021
   0.0000000000000000     
   0.0000000000000000     
   2.8863788268115106E-021
   0.0000000000000000     
   0.0000000000000000     
   5.4882733259464003E-021
   0.0000000000000000     
   0.0000000000000000     
   6.1826075116506835E-021
   0.0000000000000000     
   0.0000000000000000     
   4.6261503956249380E-021
   0.0000000000000000     
   0.0000000000000000     
   3.0523623823207239E-021
   0.0000000000000000     
   0.0000000000000000     
   1.5569974735794558E-021
   0.0000000000000000     
   0.0000000000000000     
   7.2337238247840726E-022
   0.0000000000000000     
   0.0000000000000000     
   3.1997893273964732E-022
   0.0000000000000000     
   0.0000000000000000     
   1.3802296205312545E-022
   0.0000000000000000     
   0.0000000000000000     
   5.8782273825775594E-023
   0.0000000000000000     
   0.0000000000000000     
   0.0000000000000000     
   0.0000000000000000     
  -3.3590330214337388E-007
   0.0000000000000000     
   0.0000000000000000     
   0.0000000000000000     
   0.0000000000000000     
   0.0000000000000000     
  -1.0377037203639967E-006
   0.0000000000000000     
   0.0000000000000000     
   0.0000000000000000     
   3.0701656563205553E-021
   0.0000000000000000     
   2.0595297004876052E-020
   0.0000000000000000     
   0.0000000000000000     
   0.0000000000000000     
   0.0000000000000000     
   6.8650991097180155E-021
   0.0000000000000000     
