   0.0000000000000000     
   0.0000000000000000     
   0.0000000000000000     
   0.0000000000000000     
   0.0000000000000000     
   0.0000000000000000     
   0.0000000000000000     
   0.0000000000000000     
   0.0000000000000000     
   0.0000000000000000     
   0.0000000000000000     
   0.0000000000000000     
   0.0000000000000000     
   0.0000000000000000     
   0.0000000000000000     
   0.0000000000000000     
   0.0000000000000000     
   0.0000000000000000     
   0.0000000000000000     
   0.0000000000000000     
   0.0000000000000000     
   0.0000000000000000     
   0.0000000000000000     
   0.0000000000000000     
   0.0000000000000000     
   0.0000000000000000     
   0.0000000000000000     
   0.0000000000000000     
   0.0000000000000000     
   0.0000000000000000     
   0.0000000000000000     
   0.0000000000000000     
   0.0000000000000000     
   0.0000000000000000     
   0.0000000000000000     
   0.0000000000000000     
   0.0000000000000000     
   0.0000000000000000     
   0.0000000000000000     
   0.0000000000000000     
   0.0000000000000000     
   0.0000000000000000     
   0.0000000000000000     
   0.0000000000000000     
   0.0000000000000000     
   0.0000000000000000     
   0.0000000000000000     
   0.0000000000000000     
   0.0000000000000000     
   0.0000000000000000     
   0.0000000000000000     
   0.0000000000000000     
   0.0000000000000000     
   0.0000000000000000     
   0.0000000000000000     
   0.0000000000000000     
   0.0000000000000000     
   0.0000000000000000     
   0.0000000000000000     
   0.0000000000000000     
   0.0000000000000000     
   0.0000000000000000     
   0.0000000000000000     
   0.0000000000000000     
   0.0000000000000000     
   0.0000000000000000     
   0.0000000000000000     
   0.0000000000000000     
   0.0000000000000000     
   0.0000000000000000     
   0.0000000000000000     
   0.0000000000000000     
   0.0000000000000000     
   0.0000000000000000     
   0.0000000000000000     
   0.0000000000000000     
   0.0000000000000000     
   0.0000000000000000     
   0.0000000000000000     
   0.0000000000000000     
   0.0000000000000000     
   0.0000000000000000     
   0.0000000000000000     
   0.0000000000000000     
   0.0000000000000000     
   0.0000000000000000     
   0.0000000000000000     
   0.0000000000000000     
   0.0000000000000000     
   0.0000000000000000     
   0.0000000000000000     
   0.0000000000000000     
   0.0000000000000000     
   0.0000000000000000     
   0.0000000000000000     
   0.0000000000000000     
   0.0000000000000000     
   0.0000000000000000     
   0.0000000000000000     
   0.0000000000000000     
   0.0000000000000000     
   0.0000000000000000     
   0.0000000000000000     
   0.0000000000000000     
   0.0000000000000000     
   0.0000000000000000     
   0.0000000000000000     
   0.0000000000000000     
   0.0000000000000000     
   0.0000000000000000     
   0.0000000000000000     
   0.0000000000000000     
   0.0000000000000000     
   0.0000000000000000     
   0.0000000000000000     
   0.0000000000000000     
   0.0000000000000000     
   0.0000000000000000     
   0.0000000000000000     
   0.0000000000000000     
   0.0000000000000000     
   0.0000000000000000     
   0.0000000000000000     
   0.0000000000000000     
   0.0000000000000000     
   0.0000000000000000     
   0.0000000000000000     
   0.0000000000000000     
   0.0000000000000000     
   0.0000000000000000     
   0.0000000000000000     
   0.0000000000000000     
   0.0000000000000000     
   0.0000000000000000     
   0.0000000000000000     
   0.0000000000000000     
   1.5813712939718372E-026
   5.0508565646318472E-026
   2.0676482032956064E-025
   8.9418590488265118E-025
   3.5364655932302493E-024
   1.1527515012724347E-023
   2.5745527124756923E-023
   3.1776281697084744E-023
   2.0319837661342163E-023
   7.6702894416040895E-024
   2.1489894832472840E-024
   5.1610321527859081E-025
   1.2439423639788176E-025
   3.9033567336950938E-026
  -2.8376196988410471E-005
   0.0000000000000000     
   0.0000000000000000     
   0.0000000000000000     
   0.0000000000000000     
   0.0000000000000000     
   0.0000000000000000     
   0.0000000000000000     
   0.0000000000000000     
   0.0000000000000000     
   0.0000000000000000     
   0.0000000000000000     
   0.0000000000000000     
   0.0000000000000000     
   0.0000000000000000     
   0.0000000000000000     
   0.0000000000000000     
   0.0000000000000000     
   0.0000000000000000     
  -3.2780646522448982E-005
   0.0000000000000000     
   0.0000000000000000     
   0.0000000000000000     
   0.0000000000000000     
   0.0000000000000000     
   0.0000000000000000     
   0.0000000000000000     
   0.0000000000000000     
   0.0000000000000000     
   0.0000000000000000     
   0.0000000000000000     
   0.0000000000000000     
   0.0000000000000000     
   0.0000000000000000     
   0.0000000000000000     
   0.0000000000000000     
   0.0000000000000000     
   0.0000000000000000     
   0.0000000000000000     
   0.0000000000000000     
   7.9909981921283669E-027
   2.5639129180286729E-026
   1.0619707570234422E-025
   4.7265317764518939E-025
   1.9961545035269328E-024
   7.4918895713451729E-024
   2.1814373880641164E-023
   3.9663223644625616E-023
   3.8034605835138029E-023
   1.9395442926325776E-023
   6.4254365156405228E-024
   1.6724975197166717E-024
   4.1724048098364710E-025
   1.3265586913311713E-025
  -3.2780646522448982E-005
   0.0000000000000000     
   0.0000000000000000     
  -4.9177004683454146E-005
   0.0000000000000000     
   0.0000000000000000     
   0.0000000000000000     
   0.0000000000000000     
   0.0000000000000000     
   0.0000000000000000     
   0.0000000000000000     
   0.0000000000000000     
   0.0000000000000000     
   0.0000000000000000     
   0.0000000000000000     
   0.0000000000000000     
   0.0000000000000000     
   0.0000000000000000     
   0.0000000000000000     
   0.0000000000000000     
   0.0000000000000000     
   0.0000000000000000     
  -2.7834968959191147E-005
   0.0000000000000000     
   0.0000000000000000     
  -5.6547722499125441E-005
   0.0000000000000000     
   0.0000000000000000     
   0.0000000000000000     
   0.0000000000000000     
   0.0000000000000000     
   0.0000000000000000     
   0.0000000000000000     
   0.0000000000000000     
   0.0000000000000000     
   0.0000000000000000     
   0.0000000000000000     
   0.0000000000000000     
   0.0000000000000000     
   0.0000000000000000     
   0.0000000000000000     
   0.0000000000000000     
   0.0000000000000000     
   0.0000000000000000     
   0.0000000000000000     
   0.0000000000000000     
   0.0000000000000000     
   0.0000000000000000     
   0.0000000000000000     
   3.3325823285157134E-027
   1.0726163977288949E-026
   4.4790747391815553E-026
   2.0340246719919471E-025
   9.0040325639885240E-025
   3.7586085125633291E-024
   1.3667733127718069E-023
   3.6660524162186304E-023
   5.9028687516217279E-023
   4.9207709686411877E-023
   2.2659060696169056E-023
   7.0342970301205391E-024
   1.9000271152000327E-024
   6.2310266134043223E-025
  -2.7834968959191147E-005
   0.0000000000000000     
   0.0000000000000000     
  -5.6547722499125441E-005
   0.0000000000000000     
   0.0000000000000000     
  -9.9257471111925352E-005
   0.0000000000000000     
   0.0000000000000000     
   0.0000000000000000     
   0.0000000000000000     
   0.0000000000000000     
   0.0000000000000000     
   0.0000000000000000     
   0.0000000000000000     
   0.0000000000000000     
   0.0000000000000000     
   0.0000000000000000     
   0.0000000000000000     
   0.0000000000000000     
   0.0000000000000000     
   0.0000000000000000     
   0.0000000000000000     
   0.0000000000000000     
   0.0000000000000000     
  -1.7326540767907107E-005
   0.0000000000000000     
   0.0000000000000000     
  -4.4199719473497613E-005
   0.0000000000000000     
   0.0000000000000000     
  -1.1396483950623473E-004
   0.0000000000000000     
   0.0000000000000000     
   0.0000000000000000     
   0.0000000000000000     
   0.0000000000000000     
   0.0000000000000000     
   0.0000000000000000     
   0.0000000000000000     
   0.0000000000000000     
   0.0000000000000000     
   0.0000000000000000     
   0.0000000000000000     
   0.0000000000000000     
   0.0000000000000000     
   0.0000000000000000     
   0.0000000000000000     
   0.0000000000000000     
   0.0000000000000000     
   0.0000000000000000     
   0.0000000000000000     
   0.0000000000000000     
   0.0000000000000000     
   0.0000000000000000     
   0.0000000000000000     
   0.0000000000000000     
   0.0000000000000000     
   1.3610731055880766E-027
   4.3876403111057032E-027
   1.8397569303395515E-026
   8.4405233681756100E-026
   3.8281177914511183E-025
   1.6912504636170216E-024
   6.9865580769250630E-024
   2.4237945166737829E-023
   6.0034201400716142E-023
   8.6040685978863021E-023
   6.3500148096479614E-023
   2.6692427040903064E-023
   8.3880469315262224E-024
   2.9262173690063225E-024
  -1.7326540767907107E-005
   0.0000000000000000     
   0.0000000000000000     
  -4.4199719473497613E-005
   0.0000000000000000     
   0.0000000000000000     
  -1.1396483950623473E-004
   0.0000000000000000     
   0.0000000000000000     
  -2.0345059648131615E-004
   0.0000000000000000     
   0.0000000000000000     
   0.0000000000000000     
   0.0000000000000000     
   0.0000000000000000     
   0.0000000000000000     
   0.0000000000000000     
   0.0000000000000000     
   0.0000000000000000     
   0.0000000000000000     
   0.0000000000000000     
   0.0000000000000000     
   0.0000000000000000     
   0.0000000000000000     
   0.0000000000000000     
   0.0000000000000000     
   0.0000000000000000     
   0.0000000000000000     
  -9.0529253846140895E-006
   0.0000000000000000     
   0.0000000000000000     
  -2.6508692327687303E-005
   0.0000000000000000     
   0.0000000000000000     
  -8.9488583787007621E-005
   0.0000000000000000     
   0.0000000000000000     
  -2.3405705616719522E-004
   0.0000000000000000     
   0.0000000000000000     
   0.0000000000000000     
   0.0000000000000000     
   0.0000000000000000     
   0.0000000000000000     
   0.0000000000000000     
   0.0000000000000000     
   0.0000000000000000     
   0.0000000000000000     
   0.0000000000000000     
   0.0000000000000000     
   0.0000000000000000     
   0.0000000000000000     
   0.0000000000000000     
   0.0000000000000000     
   0.0000000000000000     
   0.0000000000000000     
   0.0000000000000000     
   0.0000000000000000     
   0.0000000000000000     
   0.0000000000000000     
   0.0000000000000000     
   0.0000000000000000     
   0.0000000000000000     
   0.0000000000000000     
   0.0000000000000000     
   0.0000000000000000     
   0.0000000000000000     
   5.7008958206128450E-028
   1.8391661701874284E-027
   7.7269111109907348E-027
   3.5624530165252662E-026
   1.6348022258703945E-025
   7.4271160219860340E-025
   3.2753609375354944E-024
   1.3116721206283165E-023
   4.3061349232551942E-023
   9.7015768311259278E-023
   1.2078421410758742E-022
   7.8049171668808544E-023
   3.1576392417452504E-023
   1.2321983757837840E-023
  -9.0529253846140895E-006
   0.0000000000000000     
   0.0000000000000000     
  -2.6508692327687303E-005
   0.0000000000000000     
   0.0000000000000000     
  -8.9488583787007621E-005
   0.0000000000000000     
   0.0000000000000000     
  -2.3405705616719522E-004
   0.0000000000000000     
   0.0000000000000000     
  -4.0839948313548972E-004
   0.0000000000000000     
   0.0000000000000000     
   0.0000000000000000     
   0.0000000000000000     
   0.0000000000000000     
   0.0000000000000000     
   0.0000000000000000     
   0.0000000000000000     
   0.0000000000000000     
   0.0000000000000000     
   0.0000000000000000     
   0.0000000000000000     
   0.0000000000000000     
   0.0000000000000000     
   0.0000000000000000     
   0.0000000000000000     
   0.0000000000000000     
   0.0000000000000000     
  -5.0403262167263579E-006
   0.0000000000000000     
   0.0000000000000000     
  -1.5749615427445528E-005
   0.0000000000000000     
   0.0000000000000000     
  -6.1067457668994164E-005
   0.0000000000000000     
   0.0000000000000000     
  -2.0043669033900587E-004
   0.0000000000000000     
   0.0000000000000000     
  -4.7173256503726924E-004
   0.0000000000000000     
   0.0000000000000000     
   0.0000000000000000     
   0.0000000000000000     
   0.0000000000000000     
   0.0000000000000000     
   0.0000000000000000     
   0.0000000000000000     
   0.0000000000000000     
   0.0000000000000000     
   0.0000000000000000     
   0.0000000000000000     
   0.0000000000000000     
   0.0000000000000000     
   0.0000000000000000     
   0.0000000000000000     
   0.0000000000000000     
   0.0000000000000000     
   0.0000000000000000     
   0.0000000000000000     
   0.0000000000000000     
   0.0000000000000000     
   0.0000000000000000     
   0.0000000000000000     
   0.0000000000000000     
   0.0000000000000000     
   0.0000000000000000     
   0.0000000000000000     
   0.0000000000000000     
   0.0000000000000000     
   0.0000000000000000     
   0.0000000000000000     
   2.8815299006439930E-028
   9.2990417848494873E-028
   3.9100371325100432E-027
   1.8064162001186640E-026
   8.3306088470890144E-026
   3.8297502994137306E-025
   1.7372518040863881E-024
   7.4220763048118307E-024
   2.7998463329752674E-023
   8.2010204067523842E-023
   1.4965930240494507E-022
   1.4469416081106597E-022
   7.8078674604927113E-023
   3.5157927210644628E-023
  -5.0403262167263579E-006
   0.0000000000000000     
   0.0000000000000000     
  -1.5749615427445528E-005
   0.0000000000000000     
   0.0000000000000000     
  -6.1067457668994164E-005
   0.0000000000000000     
   0.0000000000000000     
  -2.0043669033900587E-004
   0.0000000000000000     
   0.0000000000000000     
  -4.7173256503726924E-004
   0.0000000000000000     
   0.0000000000000000     
  -7.0510898180004846E-004
   0.0000000000000000     
   0.0000000000000000     
   0.0000000000000000     
   0.0000000000000000     
   0.0000000000000000     
   0.0000000000000000     
   0.0000000000000000     
   0.0000000000000000     
   0.0000000000000000     
   0.0000000000000000     
   0.0000000000000000     
   0.0000000000000000     
   0.0000000000000000     
   0.0000000000000000     
   0.0000000000000000     
   0.0000000000000000     
   0.0000000000000000     
   0.0000000000000000     
  -2.2691426663837487E-006
   0.0000000000000000     
   0.0000000000000000     
  -7.4363293031354426E-006
   0.0000000000000000     
   0.0000000000000000     
  -3.2086692961205213E-005
   0.0000000000000000     
   0.0000000000000000     
  -1.2769721850062655E-004
   0.0000000000000000     
   0.0000000000000000     
  -4.0303791225086927E-004
   0.0000000000000000     
   0.0000000000000000     
  -8.1143604021111549E-004
   0.0000000000000000     
   0.0000000000000000     
   0.0000000000000000     
   0.0000000000000000     
   0.0000000000000000     
   0.0000000000000000     
   0.0000000000000000     
   0.0000000000000000     
   0.0000000000000000     
   0.0000000000000000     
   0.0000000000000000     
   0.0000000000000000     
   0.0000000000000000     
   0.0000000000000000     
   0.0000000000000000     
   0.0000000000000000     
   0.0000000000000000     
   0.0000000000000000     
   0.0000000000000000     
   0.0000000000000000     
   0.0000000000000000     
   0.0000000000000000     
   0.0000000000000000     
   0.0000000000000000     
   0.0000000000000000     
   0.0000000000000000     
   0.0000000000000000     
   0.0000000000000000     
   0.0000000000000000     
   0.0000000000000000     
   0.0000000000000000     
   0.0000000000000000     
   0.0000000000000000     
   0.0000000000000000     
   0.0000000000000000     
   1.2118104324861600E-028
   3.9115078257372861E-028
   1.6456338462423597E-027
   7.6135280802802693E-027
   3.5230912430217786E-026
   1.6329722609094954E-025
   7.5551960108495079E-025
   3.3808148824588556E-024
   1.4160387061948338E-023
   5.1643657337718134E-023
   1.3803140627063986E-022
   2.2242012417765752E-022
   1.9072118035897644E-022
   1.1272558336710393E-022
  -2.2691426663837487E-006
   0.0000000000000000     
   0.0000000000000000     
  -7.4363293031354426E-006
   0.0000000000000000     
   0.0000000000000000     
  -3.2086692961205213E-005
   0.0000000000000000     
   0.0000000000000000     
  -1.2769721850062655E-004
   0.0000000000000000     
   0.0000000000000000     
  -4.0303791225086927E-004
   0.0000000000000000     
   0.0000000000000000     
  -8.1143604021111549E-004
   0.0000000000000000     
   0.0000000000000000     
  -1.4102176007912419E-003
   0.0000000000000000     
   0.0000000000000000     
   0.0000000000000000     
   0.0000000000000000     
   0.0000000000000000     
   0.0000000000000000     
   0.0000000000000000     
   0.0000000000000000     
   0.0000000000000000     
   0.0000000000000000     
   0.0000000000000000     
   0.0000000000000000     
   0.0000000000000000     
   0.0000000000000000     
   0.0000000000000000     
   0.0000000000000000     
   0.0000000000000000     
   0.0000000000000000     
  -9.8773395236551696E-007
   0.0000000000000000     
   0.0000000000000000     
  -3.3181760935828593E-006
   0.0000000000000000     
   0.0000000000000000     
  -1.5165378117367201E-005
   0.0000000000000000     
   0.0000000000000000     
  -6.7432595368641297E-005
   0.0000000000000000     
   0.0000000000000000     
  -2.5709724421621010E-004
   0.0000000000000000     
   0.0000000000000000     
  -6.4580459347994784E-004
   0.0000000000000000     
   0.0000000000000000     
  -1.6228715236261218E-003
   0.0000000000000000     
   0.0000000000000000     
   0.0000000000000000     
   0.0000000000000000     
   0.0000000000000000     
   0.0000000000000000     
   0.0000000000000000     
   0.0000000000000000     
   0.0000000000000000     
   0.0000000000000000     
   0.0000000000000000     
   0.0000000000000000     
   0.0000000000000000     
   0.0000000000000000     
   0.0000000000000000     
   0.0000000000000000     
   0.0000000000000000     
   0.0000000000000000     
   0.0000000000000000     
   0.0000000000000000     
   0.0000000000000000     
   0.0000000000000000     
   0.0000000000000000     
   0.0000000000000000     
   0.0000000000000000     
   0.0000000000000000     
   0.0000000000000000     
   0.0000000000000000     
   0.0000000000000000     
   0.0000000000000000     
   0.0000000000000000     
   0.0000000000000000     
   0.0000000000000000     
   0.0000000000000000     
   0.0000000000000000     
   0.0000000000000000     
   0.0000000000000000     
   0.0000000000000000     
   5.0956163215240619E-029
   1.6449528994172594E-028
   6.9225432169269852E-028
   3.2049890377109257E-027
   1.4856116751440807E-026
   6.9143032986286774E-026
   3.2310740492906502E-025
   1.4805693174985901E-024
   6.5546237903664984E-024
   2.7081690239403777E-023
   9.2912831854641199E-023
   2.2733679802670449E-022
   3.2001775523567031E-022
   2.7265118403386754E-022
  -9.8773395236551696E-007
   0.0000000000000000     
   0.0000000000000000     
  -3.3181760935828593E-006
   0.0000000000000000     
   0.0000000000000000     
  -1.5165378117367201E-005
   0.0000000000000000     
   0.0000000000000000     
  -6.7432595368641297E-005
   0.0000000000000000     
   0.0000000000000000     
  -2.5709724421621010E-004
   0.0000000000000000     
   0.0000000000000000     
  -6.4580459347994784E-004
   0.0000000000000000     
   0.0000000000000000     
  -1.6228715236261218E-003
   0.0000000000000000     
   0.0000000000000000     
  -2.8204337525278198E-003
   0.0000000000000000     
   0.0000000000000000     
   0.0000000000000000     
   0.0000000000000000     
   0.0000000000000000     
   0.0000000000000000     
   0.0000000000000000     
   0.0000000000000000     
   0.0000000000000000     
   0.0000000000000000     
   0.0000000000000000     
   0.0000000000000000     
   0.0000000000000000     
   0.0000000000000000     
   0.0000000000000000     
   0.0000000000000000     
   0.0000000000000000     
   0.0000000000000000     
  -4.2261187379829680E-007
   0.0000000000000000     
   0.0000000000000000     
  -1.4377803907088525E-006
   0.0000000000000000     
   0.0000000000000000     
  -6.7705698870523692E-006
   0.0000000000000000     
   0.0000000000000000     
  -3.1959279177681397E-005
   0.0000000000000000     
   0.0000000000000000     
  -1.3586726822667632E-004
   0.0000000000000000     
   0.0000000000000000     
  -3.9261314202001949E-004
   0.0000000000000000     
   0.0000000000000000     
  -1.2916086563874751E-003
   0.0000000000000000     
   0.0000000000000000     
  -3.2457408236233241E-003
   0.0000000000000000     
   0.0000000000000000     
   0.0000000000000000     
   0.0000000000000000     
   0.0000000000000000     
   0.0000000000000000     
   0.0000000000000000     
   0.0000000000000000     
   0.0000000000000000     
   0.0000000000000000     
   0.0000000000000000     
   0.0000000000000000     
   0.0000000000000000     
   0.0000000000000000     
   0.0000000000000000     
   0.0000000000000000     
   0.0000000000000000     
   0.0000000000000000     
   0.0000000000000000     
   0.0000000000000000     
   0.0000000000000000     
   0.0000000000000000     
   0.0000000000000000     
   0.0000000000000000     
   0.0000000000000000     
   0.0000000000000000     
   0.0000000000000000     
   0.0000000000000000     
   0.0000000000000000     
   0.0000000000000000     
   0.0000000000000000     
   0.0000000000000000     
   0.0000000000000000     
   0.0000000000000000     
   0.0000000000000000     
   0.0000000000000000     
   0.0000000000000000     
   0.0000000000000000     
   0.0000000000000000     
   0.0000000000000000     
   0.0000000000000000     
   2.1425649244134871E-029
   6.9169455197820609E-029
   2.9113081336373521E-028
   1.3483516416867327E-027
   6.2553650806864653E-027
   2.9173719164506232E-026
   1.3701473169415574E-025
   6.3542825939384426E-025
   2.8945336995826771E-024
   1.2785932827859026E-023
   5.0734697231779668E-023
   1.6501951841947417E-022
   3.5568619385228130E-022
   4.5200494385046376E-022
  -4.2261187379829680E-007
   0.0000000000000000     
   0.0000000000000000     
  -1.4377803907088525E-006
   0.0000000000000000     
   0.0000000000000000     
  -6.7705698870523692E-006
   0.0000000000000000     
   0.0000000000000000     
  -3.1959279177681397E-005
   0.0000000000000000     
   0.0000000000000000     
  -1.3586726822667632E-004
   0.0000000000000000     
   0.0000000000000000     
  -3.9261314202001949E-004
   0.0000000000000000     
   0.0000000000000000     
  -1.2916086563874751E-003
   0.0000000000000000     
   0.0000000000000000     
  -3.2457408236233241E-003
   0.0000000000000000     
   0.0000000000000000     
  -5.6408616913998753E-003
   0.0000000000000000     
   0.0000000000000000     
   0.0000000000000000     
   0.0000000000000000     
   0.0000000000000000     
   0.0000000000000000     
   0.0000000000000000     
   0.0000000000000000     
   0.0000000000000000     
   0.0000000000000000     
   0.0000000000000000     
   0.0000000000000000     
   0.0000000000000000     
   0.0000000000000000     
   0.0000000000000000     
   0.0000000000000000     
   0.0000000000000000     
   0.0000000000000000     
  -1.7925160796974174E-007
   0.0000000000000000     
   0.0000000000000000     
  -6.1374480217889340E-007
   0.0000000000000000     
   0.0000000000000000     
  -2.9345191185484078E-006
   0.0000000000000000     
   0.0000000000000000     
  -1.4288934272829361E-005
   0.0000000000000000     
   0.0000000000000000     
  -6.4420433635980012E-005
   0.0000000000000000     
   0.0000000000000000     
  -2.0163219111187422E-004
   0.0000000000000000     
   0.0000000000000000     
  -7.8522592489994327E-004
   0.0000000000000000     
   0.0000000000000000     
  -2.5832151891886268E-003
   0.0000000000000000     
   0.0000000000000000     
  -6.4914727293231399E-003
   0.0000000000000000     
   0.0000000000000000     
   0.0000000000000000     
   0.0000000000000000     
   0.0000000000000000     
   0.0000000000000000     
   0.0000000000000000     
   0.0000000000000000     
   0.0000000000000000     
   0.0000000000000000     
   0.0000000000000000     
   0.0000000000000000     
   0.0000000000000000     
   0.0000000000000000     
   0.0000000000000000     
   0.0000000000000000     
   0.0000000000000000     
   0.0000000000000000     
   0.0000000000000000     
   0.0000000000000000     
   0.0000000000000000     
   0.0000000000000000     
   0.0000000000000000     
   0.0000000000000000     
   0.0000000000000000     
   0.0000000000000000     
   0.0000000000000000     
   0.0000000000000000     
   0.0000000000000000     
   0.0000000000000000     
   0.0000000000000000     
   0.0000000000000000     
   0.0000000000000000     
   0.0000000000000000     
   0.0000000000000000     
   0.0000000000000000     
   0.0000000000000000     
   0.0000000000000000     
   0.0000000000000000     
   0.0000000000000000     
   0.0000000000000000     
   0.0000000000000000     
   0.0000000000000000     
   0.0000000000000000     
   9.0086326692337918E-030
   2.9083793462720858E-029
   1.2242093101614080E-028
   5.6708446176628011E-028
   2.6319806494424014E-027
   1.2287691939043966E-026
   5.7854492838218163E-026
   2.6993636644781329E-025
   1.2475658029527395E-024
   5.7050099856151718E-024
   2.4497510451930228E-023
   9.4475104532629030E-023
   2.7538286186779887E-022
   4.9649839734196185E-022
  -1.7925160796974174E-007
   0.0000000000000000     
   0.0000000000000000     
  -6.1374480217889340E-007
   0.0000000000000000     
   0.0000000000000000     
  -2.9345191185484078E-006
   0.0000000000000000     
   0.0000000000000000     
  -1.4288934272829361E-005
   0.0000000000000000     
   0.0000000000000000     
  -6.4420433635980012E-005
   0.0000000000000000     
   0.0000000000000000     
  -2.0163219111187422E-004
   0.0000000000000000     
   0.0000000000000000     
  -7.8522592489994327E-004
   0.0000000000000000     
   0.0000000000000000     
  -2.5832151891886268E-003
   0.0000000000000000     
   0.0000000000000000     
  -6.4914727293231399E-003
   0.0000000000000000     
   0.0000000000000000     
  -1.1281700163095744E-002
   0.0000000000000000     
   0.0000000000000000     
   0.0000000000000000     
   0.0000000000000000     
   0.0000000000000000     
   0.0000000000000000     
   0.0000000000000000     
   0.0000000000000000     
   0.0000000000000000     
   0.0000000000000000     
   0.0000000000000000     
   0.0000000000000000     
   0.0000000000000000     
   0.0000000000000000     
   0.0000000000000000     
   0.0000000000000000     
   0.0000000000000000     
   0.0000000000000000     
  -7.5697856256167514E-008
   0.0000000000000000     
   0.0000000000000000     
  -2.6001741517966433E-007
   0.0000000000000000     
   0.0000000000000000     
  -1.2528304090979437E-006
   0.0000000000000000     
   0.0000000000000000     
  -6.1977685252270119E-006
   0.0000000000000000     
   0.0000000000000000     
  -2.8808602688456361E-005
   0.0000000000000000     
   0.0000000000000000     
  -9.4113037114196751E-005
   0.0000000000000000     
   0.0000000000000000     
  -4.0326418693262256E-004
   0.0000000000000000     
   0.0000000000000000     
  -1.5704504154998040E-003
   0.0000000000000000     
   0.0000000000000000     
  -5.1664218592817890E-003
   0.0000000000000000     
   0.0000000000000000     
  -1.2982909830514299E-002
   0.0000000000000000     
   0.0000000000000000     
   0.0000000000000000     
   0.0000000000000000     
   0.0000000000000000     
   0.0000000000000000     
   0.0000000000000000     
   0.0000000000000000     
   0.0000000000000000     
   0.0000000000000000     
   0.0000000000000000     
   0.0000000000000000     
   0.0000000000000000     
   0.0000000000000000     
   0.0000000000000000     
   0.0000000000000000     
   0.0000000000000000     
   0.0000000000000000     
   0.0000000000000000     
   0.0000000000000000     
   0.0000000000000000     
   0.0000000000000000     
   0.0000000000000000     
   0.0000000000000000     
   0.0000000000000000     
   0.0000000000000000     
   0.0000000000000000     
   0.0000000000000000     
   0.0000000000000000     
   0.0000000000000000     
   0.0000000000000000     
   0.0000000000000000     
   0.0000000000000000     
   0.0000000000000000     
   0.0000000000000000     
   0.0000000000000000     
   0.0000000000000000     
   0.0000000000000000     
   0.0000000000000000     
   0.0000000000000000     
   0.0000000000000000     
   0.0000000000000000     
   0.0000000000000000     
   0.0000000000000000     
   0.0000000000000000     
   0.0000000000000000     
   0.0000000000000000     
   3.7877174559251629E-030
   1.2228569414209633E-029
   5.1474920387890684E-029
   2.3846590525818452E-028
   1.1070162216419959E-027
   5.1708979953466652E-027
   2.4376935511479774E-026
   1.1408276880203734E-025
   5.3111785879757718E-025
   2.4719569485109280E-024
   1.1061194465588584E-023
   4.6857246193805093E-023
   1.6438723735681755E-022
   3.8087064683835213E-022
  -7.5697856256167514E-008
   0.0000000000000000     
   0.0000000000000000     
  -2.6001741517966433E-007
   0.0000000000000000     
   0.0000000000000000     
  -1.2528304090979437E-006
   0.0000000000000000     
   0.0000000000000000     
  -6.1977685252270119E-006
   0.0000000000000000     
   0.0000000000000000     
  -2.8808602688456361E-005
   0.0000000000000000     
   0.0000000000000000     
  -9.4113037114196751E-005
   0.0000000000000000     
   0.0000000000000000     
  -4.0326418693262256E-004
   0.0000000000000000     
   0.0000000000000000     
  -1.5704504154998040E-003
   0.0000000000000000     
   0.0000000000000000     
  -5.1664218592817890E-003
   0.0000000000000000     
   0.0000000000000000     
  -1.2982909830514299E-002
   0.0000000000000000     
   0.0000000000000000     
  -2.2563307447662214E-002
   0.0000000000000000     
   0.0000000000000000     
   0.0000000000000000     
   0.0000000000000000     
   0.0000000000000000     
   0.0000000000000000     
   0.0000000000000000     
   0.0000000000000000     
   0.0000000000000000     
   0.0000000000000000     
   0.0000000000000000     
   0.0000000000000000     
   0.0000000000000000     
   0.0000000000000000     
   0.0000000000000000     
   0.0000000000000000     
   0.0000000000000000     
   0.0000000000000000     
   1.3013374027794045E-022
   0.0000000000000000     
   0.0000000000000000     
   2.0191351101726117E-022
   0.0000000000000000     
   0.0000000000000000     
   2.1408205724622498E-022
   0.0000000000000000     
   0.0000000000000000     
   1.1594577863550670E-022
   0.0000000000000000     
   0.0000000000000000     
   2.7690959727641367E-023
   0.0000000000000000     
   0.0000000000000000     
  -1.4732281501540945E-024
   0.0000000000000000     
   0.0000000000000000     
  -8.5719819840555934E-024
   0.0000000000000000     
   0.0000000000000000     
  -5.9557497736184967E-024
   0.0000000000000000     
   0.0000000000000000     
  -3.0907134238010368E-024
   0.0000000000000000     
   0.0000000000000000     
  -1.4338655583051031E-024
   0.0000000000000000     
   0.0000000000000000     
  -6.3235856068383034E-025
   0.0000000000000000     
   0.0000000000000000     
   0.0000000000000000     
   0.0000000000000000     
   0.0000000000000000     
   0.0000000000000000     
   0.0000000000000000     
   0.0000000000000000     
   0.0000000000000000     
   0.0000000000000000     
   0.0000000000000000     
   0.0000000000000000     
   0.0000000000000000     
   0.0000000000000000     
   0.0000000000000000     
   0.0000000000000000     
   0.0000000000000000     
   1.6985050466856498E-023
   0.0000000000000000     
   0.0000000000000000     
   2.7235370684829338E-023
   0.0000000000000000     
   0.0000000000000000     
   3.1406318592113049E-023
   0.0000000000000000     
   0.0000000000000000     
   2.0800406033541912E-023
   0.0000000000000000     
   0.0000000000000000     
   8.8453968445907797E-024
   0.0000000000000000     
   0.0000000000000000     
   3.6180152537776395E-024
   0.0000000000000000     
   0.0000000000000000     
   9.7249922349701078E-025
   0.0000000000000000     
   0.0000000000000000     
   2.3238532808720866E-025
   0.0000000000000000     
   0.0000000000000000     
   5.2157305302362949E-026
   0.0000000000000000     
   0.0000000000000000     
   1.1333555187496716E-026
   0.0000000000000000     
   0.0000000000000000     
   2.4225499345143343E-027
   0.0000000000000000     
   0.0000000000000000     
   0.0000000000000000     
   0.0000000000000000     
   0.0000000000000000     
   0.0000000000000000     
   0.0000000000000000     
   0.0000000000000000     
   0.0000000000000000     
   0.0000000000000000     
   0.0000000000000000     
   0.0000000000000000     
   0.0000000000000000     
   0.0000000000000000     
   0.0000000000000000     
   0.0000000000000000     
   0.0000000000000000     
   0.0000000000000000     
   5.0955151400569488E-023
   0.0000000000000000     
   0.0000000000000000     
   8.1706112054488015E-023
   0.0000000000000000     
   0.0000000000000000     
   9.4218955776339123E-023
   0.0000000000000000     
   0.0000000000000000     
   6.2401218100625732E-023
   0.0000000000000000     
   0.0000000000000000     
   2.6536190533772336E-023
   0.0000000000000000     
   0.0000000000000000     
   1.0854045761332921E-023
   0.0000000000000000     
   0.0000000000000000     
   2.9174976704910322E-024
   0.0000000000000000     
   0.0000000000000000     
   6.9715598426162593E-025
   0.0000000000000000     
   0.0000000000000000     
   1.5647191590708887E-025
   0.0000000000000000     
   0.0000000000000000     
   3.4000665562490141E-026
   0.0000000000000000     
   0.0000000000000000     
   7.2676498035430014E-027
   0.0000000000000000     
   0.0000000000000000     
   0.0000000000000000     
   0.0000000000000000     
   0.0000000000000000     
   0.0000000000000000     
   0.0000000000000000     
   0.0000000000000000     
   0.0000000000000000     
   0.0000000000000000     
   0.0000000000000000     
   0.0000000000000000     
   0.0000000000000000     
   0.0000000000000000     
   0.0000000000000000     
   0.0000000000000000     
   0.0000000000000000     
   0.0000000000000000     
   0.0000000000000000     
   0.0000000000000000     
   0.0000000000000000     
   0.0000000000000000     
   0.0000000000000000     
   0.0000000000000000     
   0.0000000000000000     
   0.0000000000000000     
   0.0000000000000000     
   0.0000000000000000     
   0.0000000000000000     
   0.0000000000000000     
   0.0000000000000000     
   0.0000000000000000     
   0.0000000000000000     
   0.0000000000000000     
   0.0000000000000000     
   0.0000000000000000     
   0.0000000000000000     
   0.0000000000000000     
   0.0000000000000000     
   0.0000000000000000     
   0.0000000000000000     
   0.0000000000000000     
   0.0000000000000000     
   0.0000000000000000     
   0.0000000000000000     
   0.0000000000000000     
   0.0000000000000000     
   0.0000000000000000     
   0.0000000000000000     
   0.0000000000000000     
   0.0000000000000000     
   0.0000000000000000     
   0.0000000000000000     
   0.0000000000000000     
  -6.8360411569864465E-012
  -4.2961763213912476E-011
  -4.0728045714588577E-010
  -4.4256269377868036E-009
  -4.6705159502827591E-008
  -4.6133424130700502E-007
  -3.9008786865114082E-006
  -2.3357914170234795E-005
  -8.0762870813816669E-005
  -1.4442836871907935E-004
  -1.4635487099247599E-004
  -1.0427417624956484E-004
  -6.3745580377043239E-005
  -4.0578544635365768E-005
   1.8602576799398491E-022
   0.0000000000000000     
   0.0000000000000000     
   2.7489151054829413E-022
   0.0000000000000000     
   0.0000000000000000     
   2.5202594790341011E-022
   0.0000000000000000     
   0.0000000000000000     
   7.7401717096643408E-023
   0.0000000000000000     
   0.0000000000000000     
  -4.1961796878594759E-023
   0.0000000000000000     
   0.0000000000000000     
  -6.1502692585618347E-023
   0.0000000000000000     
   0.0000000000000000     
  -4.4853982107659845E-023
   0.0000000000000000     
   0.0000000000000000     
  -2.4253852680077863E-023
   0.0000000000000000     
   0.0000000000000000     
  -1.1519597999288972E-023
   0.0000000000000000     
   0.0000000000000000     
  -5.1437289532160790E-024
   0.0000000000000000     
   0.0000000000000000     
  -2.2283182641867475E-024
   0.0000000000000000     
   0.0000000000000000     
  -1.4526665739702244E-004
  -4.8422220120197865E-005
  -1.4526666036059359E-004
   0.0000000000000000     
   0.0000000000000000     
   0.0000000000000000     
   0.0000000000000000     
   0.0000000000000000     
   0.0000000000000000     
   0.0000000000000000     
   0.0000000000000000     
   0.0000000000000000     
   0.0000000000000000     
   0.0000000000000000     
   0.0000000000000000     
   0.0000000000000000     
   0.0000000000000000     
   0.0000000000000000     
   0.0000000000000000     
   0.0000000000000000     
   2.9418970377716936E-023
   0.0000000000000000     
   0.0000000000000000     
   4.7173045789096387E-023
   0.0000000000000000     
   0.0000000000000000     
   5.4397339480234841E-023
   0.0000000000000000     
   0.0000000000000000     
   3.6027360068156809E-023
   0.0000000000000000     
   0.0000000000000000     
   1.5320676747940663E-023
   0.0000000000000000     
   0.0000000000000000     
   6.2665862421020774E-024
   0.0000000000000000     
   0.0000000000000000     
   1.6844180654181037E-024
   0.0000000000000000     
   0.0000000000000000     
   4.0250319518060824E-025
   0.0000000000000000     
   0.0000000000000000     
   9.0339102769574249E-026
   0.0000000000000000     
   0.0000000000000000     
   1.9630293415130127E-026
   0.0000000000000000     
   0.0000000000000000     
   4.1959795704514830E-027
   0.0000000000000000     
   0.0000000000000000     
   0.0000000000000000     
   0.0000000000000000     
  -8.3869745463466651E-005
   0.0000000000000000     
   0.0000000000000000     
   0.0000000000000000     
   0.0000000000000000     
   0.0000000000000000     
   0.0000000000000000     
   0.0000000000000000     
   0.0000000000000000     
   0.0000000000000000     
   0.0000000000000000     
   0.0000000000000000     
   0.0000000000000000     
   0.0000000000000000     
   0.0000000000000000     
   0.0000000000000000     
   0.0000000000000000     
   0.0000000000000000     
   0.0000000000000000     
   7.2638962369737201E-023
   0.0000000000000000     
   0.0000000000000000     
   1.5651064545807964E-022
   0.0000000000000000     
   0.0000000000000000     
   2.8686367197186662E-022
   0.0000000000000000     
   0.0000000000000000     
   2.9995341051870746E-022
   0.0000000000000000     
   0.0000000000000000     
   1.6314580531041071E-022
   0.0000000000000000     
   0.0000000000000000     
   5.8646794646976773E-023
   0.0000000000000000     
   0.0000000000000000     
  -2.0834555301742220E-024
   0.0000000000000000     
   0.0000000000000000     
  -1.2122610123181241E-023
   0.0000000000000000     
   0.0000000000000000     
  -8.4227003782582647E-024
   0.0000000000000000     
   0.0000000000000000     
  -4.3709279971881397E-024
   0.0000000000000000     
   0.0000000000000000     
  -2.0277917379183703E-024
   0.0000000000000000     
   0.0000000000000000     
   0.0000000000000000     
   0.0000000000000000     
  -1.5761144779573194E-004
   0.0000000000000000     
   0.0000000000000000     
   0.0000000000000000     
   0.0000000000000000     
   0.0000000000000000     
   0.0000000000000000     
   0.0000000000000000     
   0.0000000000000000     
   0.0000000000000000     
   0.0000000000000000     
   0.0000000000000000     
   0.0000000000000000     
   0.0000000000000000     
   0.0000000000000000     
   0.0000000000000000     
   0.0000000000000000     
   0.0000000000000000     
   0.0000000000000000     
   9.2760214119870190E-024
   0.0000000000000000     
   0.0000000000000000     
   2.0308057444697325E-023
   0.0000000000000000     
   0.0000000000000000     
   3.8722117820829588E-023
   0.0000000000000000     
   0.0000000000000000     
   4.4194611983634015E-023
   0.0000000000000000     
   0.0000000000000000     
   2.9314958021349680E-023
   0.0000000000000000     
   0.0000000000000000     
   1.5447986059320560E-023
   0.0000000000000000     
   0.0000000000000000     
   5.1166459609010908E-024
   0.0000000000000000     
   0.0000000000000000     
   1.3753215096949050E-024
   0.0000000000000000     
   0.0000000000000000     
   3.2864246422164383E-025
   0.0000000000000000     
   0.0000000000000000     
   7.3761564087165764E-026
   0.0000000000000000     
   0.0000000000000000     
   1.6028066482339395E-026
   0.0000000000000000     
   0.0000000000000000     
   0.0000000000000000     
   0.0000000000000000     
  -5.2537150694317805E-005
   0.0000000000000000     
   0.0000000000000000     
   0.0000000000000000     
   0.0000000000000000     
   0.0000000000000000     
   0.0000000000000000     
   0.0000000000000000     
   0.0000000000000000     
   0.0000000000000000     
   0.0000000000000000     
   0.0000000000000000     
   0.0000000000000000     
   0.0000000000000000     
   0.0000000000000000     
   0.0000000000000000     
   0.0000000000000000     
   0.0000000000000000     
   0.0000000000000000     
   0.0000000000000000     
   2.7828064235961064E-023
   0.0000000000000000     
   0.0000000000000000     
   6.0924172334091971E-023
   0.0000000000000000     
   0.0000000000000000     
   1.1616635346248876E-022
   0.0000000000000000     
   0.0000000000000000     
   1.3258383595090206E-022
   0.0000000000000000     
   0.0000000000000000     
   8.7944874064049040E-023
   0.0000000000000000     
   0.0000000000000000     
   4.6343958177961671E-023
   0.0000000000000000     
   0.0000000000000000     
   1.5349937882703272E-023
   0.0000000000000000     
   0.0000000000000000     
   4.1259645290847148E-024
   0.0000000000000000     
   0.0000000000000000     
   9.8592739266493144E-025
   0.0000000000000000     
   0.0000000000000000     
   2.2128469226149727E-025
   0.0000000000000000     
   0.0000000000000000     
   4.8084199447018196E-026
   0.0000000000000000     
   0.0000000000000000     
   0.0000000000000000     
   0.0000000000000000     
  -1.5761145208295345E-004
   0.0000000000000000     
   0.0000000000000000     
   0.0000000000000000     
   0.0000000000000000     
   0.0000000000000000     
   0.0000000000000000     
   0.0000000000000000     
   0.0000000000000000     
   0.0000000000000000     
   0.0000000000000000     
   0.0000000000000000     
   0.0000000000000000     
   0.0000000000000000     
   0.0000000000000000     
   0.0000000000000000     
   0.0000000000000000     
   0.0000000000000000     
   0.0000000000000000     
   0.0000000000000000     
   0.0000000000000000     
   0.0000000000000000     
   0.0000000000000000     
   0.0000000000000000     
   0.0000000000000000     
   0.0000000000000000     
   0.0000000000000000     
   0.0000000000000000     
   0.0000000000000000     
   0.0000000000000000     
   0.0000000000000000     
   0.0000000000000000     
   0.0000000000000000     
   0.0000000000000000     
   0.0000000000000000     
   0.0000000000000000     
   0.0000000000000000     
   0.0000000000000000     
   0.0000000000000000     
   0.0000000000000000     
   0.0000000000000000     
   0.0000000000000000     
   0.0000000000000000     
   0.0000000000000000     
   0.0000000000000000     
   0.0000000000000000     
   0.0000000000000000     
   0.0000000000000000     
   0.0000000000000000     
   0.0000000000000000     
   0.0000000000000000     
   0.0000000000000000     
   0.0000000000000000     
   0.0000000000000000     
   0.0000000000000000     
   0.0000000000000000     
   0.0000000000000000     
  -9.0997014287460940E-005
   0.0000000000000000     
   0.0000000000000000     
   0.0000000000000000     
   0.0000000000000000     
  -2.0362650908814979E-012
  -1.2820474211846740E-011
  -1.2211722170184991E-010
  -1.3427008219732566E-009
  -1.4570830343379339E-008
  -1.5356073539629532E-007
  -1.4989988711737315E-006
  -1.1891428317505275E-005
  -6.4315389017262641E-005
  -1.9442625411997079E-004
  -3.0156129828946794E-004
  -2.7841908316875689E-004
  -1.9294201594429527E-004
  -1.2917667832780766E-004
   1.0702988450995383E-022
   0.0000000000000000     
   0.0000000000000000     
   2.2559749737449919E-022
   0.0000000000000000     
   0.0000000000000000     
   3.9010683901688505E-022
   0.0000000000000000     
   0.0000000000000000     
   3.5014328154045145E-022
   0.0000000000000000     
   0.0000000000000000     
   1.0817867341572586E-022
   0.0000000000000000     
   0.0000000000000000     
  -3.7651826165364358E-023
   0.0000000000000000     
   0.0000000000000000     
  -8.6977931008004940E-023
   0.0000000000000000     
   0.0000000000000000     
  -6.3433102045552394E-023
   0.0000000000000000     
   0.0000000000000000     
  -3.4300123274425067E-023
   0.0000000000000000     
   0.0000000000000000     
  -1.6291169735653540E-023
   0.0000000000000000     
   0.0000000000000000     
  -7.2743303579027612E-024
   0.0000000000000000     
   0.0000000000000000     
  -1.5761144779573194E-004
  -5.2537150694317791E-005
  -1.5761145208295342E-004
   0.0000000000000000     
   0.0000000000000000     
   0.0000000000000000     
  -2.9053329997618923E-004
  -9.6844437276824555E-005
  -2.9053331183047365E-004
   0.0000000000000000     
   0.0000000000000000     
   0.0000000000000000     
   0.0000000000000000     
   0.0000000000000000     
   0.0000000000000000     
   0.0000000000000000     
   0.0000000000000000     
   0.0000000000000000     
   0.0000000000000000     
   0.0000000000000000     
   0.0000000000000000     
   0.0000000000000000     
   0.0000000000000000     
   0.0000000000000000     
   0.0000000000000000     
   0.0000000000000000     
   1.6066540377658312E-023
   0.0000000000000000     
   0.0000000000000000     
   3.5174587297243154E-023
   0.0000000000000000     
   0.0000000000000000     
   6.7068675442345106E-023
   0.0000000000000000     
   0.0000000000000000     
   7.6547313376446474E-023
   0.0000000000000000     
   0.0000000000000000     
   5.0774996714726459E-023
   0.0000000000000000     
   0.0000000000000000     
   2.6756696729358937E-023
   0.0000000000000000     
   0.0000000000000000     
   8.8622907686227665E-024
   0.0000000000000000     
   0.0000000000000000     
   2.3821267315339075E-024
   0.0000000000000000     
   0.0000000000000000     
   5.6922544555652419E-025
   0.0000000000000000     
   0.0000000000000000     
   1.2775877664471895E-025
   0.0000000000000000     
   0.0000000000000000     
   2.7761425494503603E-026
   0.0000000000000000     
   0.0000000000000000     
   0.0000000000000000     
   0.0000000000000000     
  -9.0997014287460940E-005
   0.0000000000000000     
   0.0000000000000000     
   0.0000000000000000     
   0.0000000000000000     
   0.0000000000000000     
  -1.6773948579387746E-004
   0.0000000000000000     
   0.0000000000000000     
   0.0000000000000000     
   0.0000000000000000     
   0.0000000000000000     
   0.0000000000000000     
   0.0000000000000000     
   0.0000000000000000     
   0.0000000000000000     
   0.0000000000000000     
   0.0000000000000000     
   0.0000000000000000     
   0.0000000000000000     
   0.0000000000000000     
   0.0000000000000000     
   0.0000000000000000     
   0.0000000000000000     
   0.0000000000000000     
  -1.5149417312065304E-005
   0.0000000000000000     
   0.0000000000000000     
  -3.6513048441031521E-005
   0.0000000000000000     
   0.0000000000000000     
  -6.9427334642041479E-005
   0.0000000000000000     
   0.0000000000000000     
  -7.8210747371042371E-005
   0.0000000000000000     
   0.0000000000000000     
  -5.8521372741127200E-005
   0.0000000000000000     
   0.0000000000000000     
  -3.8612760317759763E-005
   0.0000000000000000     
   0.0000000000000000     
  -1.9696209904432065E-005
   0.0000000000000000     
   0.0000000000000000     
  -9.1507497709581021E-006
   0.0000000000000000     
   0.0000000000000000     
  -4.0477729249547959E-006
   0.0000000000000000     
   0.0000000000000000     
  -1.7460074759860952E-006
   0.0000000000000000     
   0.0000000000000000     
  -7.4360300648068301E-007
   0.0000000000000000     
   0.0000000000000000     
   0.0000000000000000     
   0.0000000000000000     
   4.8570739560055463E-022
   0.0000000000000000     
   0.0000000000000000     
   0.0000000000000000     
   0.0000000000000000     
   0.0000000000000000     
   1.4522199851533435E-022
   0.0000000000000000     
   0.0000000000000000     
   0.0000000000000000     
   0.0000000000000000     
   0.0000000000000000     
   0.0000000000000000     
   0.0000000000000000     
   0.0000000000000000     
   0.0000000000000000     
   0.0000000000000000     
   0.0000000000000000     
   0.0000000000000000     
   0.0000000000000000     
   0.0000000000000000     
   0.0000000000000000     
   0.0000000000000000     
   0.0000000000000000     
   0.0000000000000000     
   0.0000000000000000     
   0.0000000000000000     
   0.0000000000000000     
   0.0000000000000000     
   0.0000000000000000     
   0.0000000000000000     
   0.0000000000000000     
   0.0000000000000000     
   0.0000000000000000     
   0.0000000000000000     
   0.0000000000000000     
   0.0000000000000000     
   0.0000000000000000     
   0.0000000000000000     
   0.0000000000000000     
   0.0000000000000000     
   0.0000000000000000     
   0.0000000000000000     
   0.0000000000000000     
   0.0000000000000000     
   0.0000000000000000     
   0.0000000000000000     
   0.0000000000000000     
   0.0000000000000000     
   0.0000000000000000     
   0.0000000000000000     
   0.0000000000000000     
   0.0000000000000000     
   0.0000000000000000     
   0.0000000000000000     
   0.0000000000000000     
   0.0000000000000000     
   0.0000000000000000     
   0.0000000000000000     
   0.0000000000000000     
   0.0000000000000000     
   3.5920941933512085E-023
   0.0000000000000000     
   0.0000000000000000     
   0.0000000000000000     
   0.0000000000000000     
   0.0000000000000000     
   2.0618948441799462E-023
   0.0000000000000000     
   0.0000000000000000     
   1.2468764016111508E-029
   7.8171064034793398E-029
   7.3640129837708083E-028
   7.8775087993544146E-027
   8.0115697131487382E-026
   7.2654975008718673E-025
   5.0938750147108587E-024
   2.1224996002034807E-023
   4.0879688908284675E-023
   3.3840178521787785E-023
   1.4670335729733249E-023
   4.3498656037668154E-024
   1.1477448786253749E-024
   3.7281564446197809E-025
  -1.5149417457460857E-005
   0.0000000000000000     
   0.0000000000000000     
  -3.6513048937440134E-005
   0.0000000000000000     
   0.0000000000000000     
  -6.9427335965354438E-005
   0.0000000000000000     
   0.0000000000000000     
  -7.8210749239475459E-005
   0.0000000000000000     
   0.0000000000000000     
  -5.8521374331866974E-005
   0.0000000000000000     
   0.0000000000000000     
  -3.8612761431455738E-005
   0.0000000000000000     
   0.0000000000000000     
  -1.9696210497455213E-005
   0.0000000000000000     
   0.0000000000000000     
  -9.1507500526546703E-006
   0.0000000000000000     
   0.0000000000000000     
  -4.0477730509750466E-006
   0.0000000000000000     
   0.0000000000000000     
  -1.7460075306550587E-006
   0.0000000000000000     
   0.0000000000000000     
  -7.4360302983012155E-007
   0.0000000000000000     
   0.0000000000000000     
   4.3820187052725031E-023
   2.0738965494858114E-023
   1.0369482747429059E-022
   0.0000000000000000     
   0.0000000000000000     
   0.0000000000000000     
  -2.1119756786924156E-023
   1.1904355433279937E-023
   5.9521777166399689E-023
   0.0000000000000000     
   0.0000000000000000     
   0.0000000000000000     
  -3.8837974436659632E-005
   0.0000000000000000     
   0.0000000000000000     
   0.0000000000000000     
   0.0000000000000000     
   0.0000000000000000     
   0.0000000000000000     
   0.0000000000000000     
   0.0000000000000000     
   0.0000000000000000     
   0.0000000000000000     
   0.0000000000000000     
   0.0000000000000000     
   0.0000000000000000     
   0.0000000000000000     
   0.0000000000000000     
   0.0000000000000000     
   0.0000000000000000     
   0.0000000000000000     
   0.0000000000000000     
   0.0000000000000000     
   0.0000000000000000     
   0.0000000000000000     
   0.0000000000000000     
   0.0000000000000000     
   0.0000000000000000     
   0.0000000000000000     
   0.0000000000000000     
   0.0000000000000000     
   0.0000000000000000     
   0.0000000000000000     
   0.0000000000000000     
   0.0000000000000000     
   0.0000000000000000     
   0.0000000000000000     
   0.0000000000000000     
   0.0000000000000000     
   0.0000000000000000     
   0.0000000000000000     
   0.0000000000000000     
   0.0000000000000000     
   0.0000000000000000     
   0.0000000000000000     
   0.0000000000000000     
   0.0000000000000000     
   0.0000000000000000     
   0.0000000000000000     
   0.0000000000000000     
   0.0000000000000000     
   0.0000000000000000     
   0.0000000000000000     
   0.0000000000000000     
   0.0000000000000000     
   0.0000000000000000     
   0.0000000000000000     
   1.7950054136388145E-022
   0.0000000000000000     
   0.0000000000000000     
   0.0000000000000000     
   0.0000000000000000     
   0.0000000000000000     
   8.3122244837017266E-023
   0.0000000000000000     
   0.0000000000000000     
   0.0000000000000000     
   0.0000000000000000     
   7.4336148572134086E-029
   4.6596054638217057E-028
   4.3875873853784680E-027
   4.6883457720965314E-026
   4.7554294468779907E-025
   4.2847051888591200E-024
   2.9563947449723644E-023
   1.1839442623739012E-022
   2.0571942247122991E-022
   1.2518490635634959E-022
   7.3787480852899415E-024
  -3.1460309916200884E-023
  -2.8262782418332546E-023
  -2.0121946017578025E-023
  -3.3875126929290155E-005
   0.0000000000000000     
   0.0000000000000000     
  -8.1645658379889176E-005
   0.0000000000000000     
   0.0000000000000000     
  -1.5524423975623076E-004
   0.0000000000000000     
   0.0000000000000000     
  -1.7488454769271371E-004
   0.0000000000000000     
   0.0000000000000000     
  -1.3085776758576362E-004
   0.0000000000000000     
   0.0000000000000000     
  -8.6340756869417200E-005
   0.0000000000000000     
   0.0000000000000000     
  -4.4042064245414716E-005
   0.0000000000000000     
   0.0000000000000000     
  -2.0461698532952943E-005
   0.0000000000000000     
   0.0000000000000000     
  -9.0510954176820786E-006
   0.0000000000000000     
   0.0000000000000000     
  -3.9041914055277395E-006
   0.0000000000000000     
   0.0000000000000000     
  -1.6627468707640235E-006
   0.0000000000000000     
   0.0000000000000000     
   3.0766684621907040E-022
   1.0363468587612050E-022
   3.1090405762836150E-022
   0.0000000000000000     
   0.0000000000000000     
   0.0000000000000000     
  -9.9314944276854698E-023
   4.7990650432297894E-023
   1.4397195129689370E-022
   0.0000000000000000     
   0.0000000000000000     
   0.0000000000000000     
  -1.4474058263564080E-004
   0.0000000000000000     
   0.0000000000000000     
   0.0000000000000000     
   0.0000000000000000     
   0.0000000000000000     
   0.0000000000000000     
   0.0000000000000000     
   0.0000000000000000     
   0.0000000000000000     
   0.0000000000000000     
   0.0000000000000000     
   0.0000000000000000     
   0.0000000000000000     
   0.0000000000000000     
   0.0000000000000000     
   0.0000000000000000     
   0.0000000000000000     
   0.0000000000000000     
   0.0000000000000000     
   0.0000000000000000     
  -1.1291709084801502E-005
   0.0000000000000000     
   0.0000000000000000     
  -2.7215219829964199E-005
   0.0000000000000000     
   0.0000000000000000     
  -5.1748080905082811E-005
   0.0000000000000000     
   0.0000000000000000     
  -5.8294850623552357E-005
   0.0000000000000000     
   0.0000000000000000     
  -4.3619257047588622E-005
   0.0000000000000000     
   0.0000000000000000     
  -2.8780253119905704E-005
   0.0000000000000000     
   0.0000000000000000     
  -1.4680688523818265E-005
   0.0000000000000000     
   0.0000000000000000     
  -6.8205663876152065E-006
   0.0000000000000000     
   0.0000000000000000     
  -3.0170318998239749E-006
   0.0000000000000000     
   0.0000000000000000     
  -1.3013971759237529E-006
   0.0000000000000000     
   0.0000000000000000     
  -5.5424897432498517E-007
   0.0000000000000000     
   0.0000000000000000     
   0.0000000000000000     
   0.0000000000000000     
   1.1803607979575704E-022
   0.0000000000000000     
   0.0000000000000000     
   0.0000000000000000     
   0.0000000000000000     
   0.0000000000000000     
   2.7928378033223909E-023
   0.0000000000000000     
   0.0000000000000000     
   0.0000000000000000     
  -2.8948117438718524E-005
   0.0000000000000000     
  -6.4729957394432690E-005
   0.0000000000000000     
   9.2936679784762050E-030
   5.8265271018428989E-029
   5.4888112063008599E-028
   5.8715483895697404E-027
   5.9714714950263576E-026
   5.4153821007681109E-025
   3.7967502672604056E-024
   1.5820177960903697E-023
   3.0469921099322901E-023
   2.5222979848481942E-023
   1.0934622648142509E-023
   3.2421983943369205E-024
   8.5547852314452796E-025
   2.7788037469745859E-025
  -1.1291709084801502E-005
   0.0000000000000000     
   0.0000000000000000     
  -2.7215219829964199E-005
   0.0000000000000000     
   0.0000000000000000     
  -5.1748080905082811E-005
   0.0000000000000000     
   0.0000000000000000     
  -5.8294850623552357E-005
   0.0000000000000000     
   0.0000000000000000     
  -4.3619257047588622E-005
   0.0000000000000000     
   0.0000000000000000     
  -2.8780253119905704E-005
   0.0000000000000000     
   0.0000000000000000     
  -1.4680688523818265E-005
   0.0000000000000000     
   0.0000000000000000     
  -6.8205663876152065E-006
   0.0000000000000000     
   0.0000000000000000     
  -3.0170318998239749E-006
   0.0000000000000000     
   0.0000000000000000     
  -1.3013971759237529E-006
   0.0000000000000000     
   0.0000000000000000     
  -5.5424897432498517E-007
   0.0000000000000000     
   0.0000000000000000     
   3.2661639012216438E-023
   4.6373736629525299E-023
   4.6373736629525299E-023
   0.0000000000000000     
   0.0000000000000000     
   0.0000000000000000     
  -1.5741737281274977E-023
   2.6618947977132894E-023
   2.6618947977132900E-023
   0.0000000000000000     
   0.0000000000000000     
   0.0000000000000000     
  -2.8948116982923339E-005
   0.0000000000000000     
   0.0000000000000000     
   0.0000000000000000     
   0.0000000000000000     
  -6.4729958413621710E-005
   0.0000000000000000     
   0.0000000000000000     
   0.0000000000000000     
   0.0000000000000000     
   0.0000000000000000     
   0.0000000000000000     
   0.0000000000000000     
   0.0000000000000000     
   0.0000000000000000     
   0.0000000000000000     
   0.0000000000000000     
   0.0000000000000000     
   0.0000000000000000     
   0.0000000000000000     
   0.0000000000000000     
   0.0000000000000000     
   0.0000000000000000     
  -3.3875127254404500E-005
   0.0000000000000000     
   0.0000000000000000     
  -8.1645659489892596E-005
   0.0000000000000000     
   0.0000000000000000     
  -1.5524424271524847E-004
   0.0000000000000000     
   0.0000000000000000     
  -1.7488455187065704E-004
   0.0000000000000000     
   0.0000000000000000     
  -1.3085777114276587E-004
   0.0000000000000000     
   0.0000000000000000     
  -8.6340759359717118E-005
   0.0000000000000000     
   0.0000000000000000     
  -4.4042065571454790E-005
   0.0000000000000000     
   0.0000000000000000     
  -2.0461699162845619E-005
   0.0000000000000000     
   0.0000000000000000     
  -9.0510956994719238E-006
   0.0000000000000000     
   0.0000000000000000     
  -3.9041915277712583E-006
   0.0000000000000000     
   0.0000000000000000     
  -1.6627469229749556E-006
   0.0000000000000000     
   0.0000000000000000     
   0.0000000000000000     
   0.0000000000000000     
   3.5410823938727114E-022
   0.0000000000000000     
   0.0000000000000000     
   0.0000000000000000     
   0.0000000000000000     
   0.0000000000000000     
   8.3785134099671728E-023
   0.0000000000000000     
   0.0000000000000000     
   0.0000000000000000     
  -1.4474058719359266E-004
   0.0000000000000000     
  -1.9418987218329804E-004
   0.0000000000000000     
  -6.4729958413621710E-005
   0.0000000000000000     
   0.0000000000000000     
   0.0000000000000000     
   0.0000000000000000     
   0.0000000000000000     
   0.0000000000000000     
   0.0000000000000000     
   0.0000000000000000     
   0.0000000000000000     
   0.0000000000000000     
   0.0000000000000000     
   0.0000000000000000     
   0.0000000000000000     
   0.0000000000000000     
   0.0000000000000000     
   0.0000000000000000     
   0.0000000000000000     
   0.0000000000000000     
   0.0000000000000000     
   0.0000000000000000     
   0.0000000000000000     
   0.0000000000000000     
   0.0000000000000000     
   0.0000000000000000     
   0.0000000000000000     
   0.0000000000000000     
   0.0000000000000000     
   0.0000000000000000     
   0.0000000000000000     
   0.0000000000000000     
   0.0000000000000000     
   0.0000000000000000     
   0.0000000000000000     
   0.0000000000000000     
   0.0000000000000000     
   0.0000000000000000     
   0.0000000000000000     
   0.0000000000000000     
   0.0000000000000000     
   0.0000000000000000     
   0.0000000000000000     
   0.0000000000000000     
   0.0000000000000000     
   0.0000000000000000     
   0.0000000000000000     
   0.0000000000000000     
   0.0000000000000000     
   0.0000000000000000     
   0.0000000000000000     
   0.0000000000000000     
   0.0000000000000000     
   0.0000000000000000     
   0.0000000000000000     
   8.0321667979155730E-023
   0.0000000000000000     
   0.0000000000000000     
   0.0000000000000000     
   0.0000000000000000     
   0.0000000000000000     
   4.6105370340426971E-023
   0.0000000000000000     
   0.0000000000000000     
   0.0000000000000000     
   0.0000000000000000     
   0.0000000000000000     
   0.0000000000000000     
   0.0000000000000000     
   0.0000000000000000     
   0.0000000000000000     
   0.0000000000000000     
   0.0000000000000000     
   0.0000000000000000     
   0.0000000000000000     
   0.0000000000000000     
   0.0000000000000000     
   0.0000000000000000     
   0.0000000000000000     
   0.0000000000000000     
   0.0000000000000000     
   0.0000000000000000     
   0.0000000000000000     
   0.0000000000000000     
   0.0000000000000000     
   0.0000000000000000     
  -1.9557813839163276E-005
   0.0000000000000000     
   0.0000000000000000     
  -4.7138143484654024E-005
   0.0000000000000000     
   0.0000000000000000     
  -8.9630305321788300E-005
   0.0000000000000000     
   0.0000000000000000     
  -1.0096964309963094E-004
   0.0000000000000000     
   0.0000000000000000     
  -7.5550769394830311E-005
   0.0000000000000000     
   0.0000000000000000     
  -4.9848860658369376E-005
   0.0000000000000000     
   0.0000000000000000     
  -2.5427698413346581E-005
   0.0000000000000000     
   0.0000000000000000     
  -1.1813567519746057E-005
   0.0000000000000000     
   0.0000000000000000     
  -5.2256525385511806E-006
   0.0000000000000000     
   0.0000000000000000     
  -2.2540860295265934E-006
   0.0000000000000000     
   0.0000000000000000     
  -9.5998738357381272E-007
   0.0000000000000000     
   0.0000000000000000     
   0.0000000000000000     
   0.0000000000000000     
   2.0444448733250543E-022
   0.0000000000000000     
   0.0000000000000000     
   0.0000000000000000     
   0.0000000000000000     
   0.0000000000000000     
   4.8373369726534366E-023
   0.0000000000000000     
   0.0000000000000000     
   0.0000000000000000     
  -5.0139610187331132E-005
   0.0000000000000000     
  -1.1211557497892619E-004
   0.0000000000000000     
   0.0000000000000000     
   0.0000000000000000     
   0.0000000000000000     
  -1.1211557674421336E-004
   0.0000000000000000     
