   0.0000000000000000     
   0.0000000000000000     
   0.0000000000000000     
   0.0000000000000000     
   0.0000000000000000     
   0.0000000000000000     
   0.0000000000000000     
   0.0000000000000000     
   0.0000000000000000     
   0.0000000000000000     
   0.0000000000000000     
   0.0000000000000000     
   0.0000000000000000     
   0.0000000000000000     
   0.0000000000000000     
   0.0000000000000000     
   0.0000000000000000     
   0.0000000000000000     
   0.0000000000000000     
   0.0000000000000000     
   0.0000000000000000     
   0.0000000000000000     
   0.0000000000000000     
   0.0000000000000000     
   0.0000000000000000     
   0.0000000000000000     
   0.0000000000000000     
   0.0000000000000000     
   0.0000000000000000     
   0.0000000000000000     
   0.0000000000000000     
   0.0000000000000000     
   0.0000000000000000     
   0.0000000000000000     
   0.0000000000000000     
   0.0000000000000000     
   0.0000000000000000     
   0.0000000000000000     
   0.0000000000000000     
   0.0000000000000000     
   0.0000000000000000     
   0.0000000000000000     
   0.0000000000000000     
   0.0000000000000000     
   0.0000000000000000     
   0.0000000000000000     
   0.0000000000000000     
   0.0000000000000000     
   0.0000000000000000     
   0.0000000000000000     
   0.0000000000000000     
   0.0000000000000000     
   0.0000000000000000     
   0.0000000000000000     
   0.0000000000000000     
   0.0000000000000000     
   0.0000000000000000     
   0.0000000000000000     
   0.0000000000000000     
   0.0000000000000000     
   0.0000000000000000     
   0.0000000000000000     
   0.0000000000000000     
   0.0000000000000000     
   0.0000000000000000     
   0.0000000000000000     
   0.0000000000000000     
   0.0000000000000000     
   0.0000000000000000     
   0.0000000000000000     
   0.0000000000000000     
   0.0000000000000000     
   0.0000000000000000     
   0.0000000000000000     
   0.0000000000000000     
   0.0000000000000000     
   0.0000000000000000     
   0.0000000000000000     
   0.0000000000000000     
   0.0000000000000000     
   0.0000000000000000     
   0.0000000000000000     
   0.0000000000000000     
   0.0000000000000000     
   0.0000000000000000     
   0.0000000000000000     
   0.0000000000000000     
   0.0000000000000000     
   0.0000000000000000     
   0.0000000000000000     
   0.0000000000000000     
   0.0000000000000000     
   0.0000000000000000     
   0.0000000000000000     
   0.0000000000000000     
   0.0000000000000000     
   0.0000000000000000     
   0.0000000000000000     
   0.0000000000000000     
   0.0000000000000000     
   0.0000000000000000     
   0.0000000000000000     
   0.0000000000000000     
   0.0000000000000000     
   0.0000000000000000     
   0.0000000000000000     
   0.0000000000000000     
   0.0000000000000000     
   0.0000000000000000     
   0.0000000000000000     
   0.0000000000000000     
   0.0000000000000000     
   0.0000000000000000     
   0.0000000000000000     
   0.0000000000000000     
   0.0000000000000000     
   0.0000000000000000     
   0.0000000000000000     
   0.0000000000000000     
   0.0000000000000000     
   0.0000000000000000     
   0.0000000000000000     
   0.0000000000000000     
   0.0000000000000000     
   0.0000000000000000     
   0.0000000000000000     
   0.0000000000000000     
   0.0000000000000000     
   0.0000000000000000     
   0.0000000000000000     
   0.0000000000000000     
   0.0000000000000000     
   0.0000000000000000     
   0.0000000000000000     
   0.0000000000000000     
   0.0000000000000000     
   0.0000000000000000     
   0.0000000000000000     
   0.0000000000000000     
   0.0000000000000000     
   0.0000000000000000     
   0.0000000000000000     
   0.0000000000000000     
   0.0000000000000000     
   0.0000000000000000     
   0.0000000000000000     
   0.0000000000000000     
   0.0000000000000000     
   0.0000000000000000     
   0.0000000000000000     
   3.6486762471313848E-003
   0.0000000000000000     
   0.0000000000000000     
   0.0000000000000000     
   0.0000000000000000     
   0.0000000000000000     
   0.0000000000000000     
   0.0000000000000000     
   0.0000000000000000     
   0.0000000000000000     
   0.0000000000000000     
   0.0000000000000000     
   0.0000000000000000     
   0.0000000000000000     
   0.0000000000000000     
   0.0000000000000000     
   0.0000000000000000     
   0.0000000000000000     
   0.0000000000000000     
  -4.2150104087815936E-003
   0.0000000000000000     
   0.0000000000000000     
   0.0000000000000000     
   0.0000000000000000     
   0.0000000000000000     
   0.0000000000000000     
   0.0000000000000000     
   0.0000000000000000     
   0.0000000000000000     
   0.0000000000000000     
   0.0000000000000000     
   0.0000000000000000     
   0.0000000000000000     
   0.0000000000000000     
   0.0000000000000000     
   0.0000000000000000     
   0.0000000000000000     
   0.0000000000000000     
   0.0000000000000000     
   0.0000000000000000     
   0.0000000000000000     
   0.0000000000000000     
   0.0000000000000000     
   0.0000000000000000     
   0.0000000000000000     
   0.0000000000000000     
   0.0000000000000000     
   0.0000000000000000     
   0.0000000000000000     
   0.0000000000000000     
   0.0000000000000000     
   0.0000000000000000     
   0.0000000000000000     
   0.0000000000000000     
   2.4321523310626429E-003
   0.0000000000000000     
   0.0000000000000000     
   3.6486762194396036E-003
   0.0000000000000000     
   0.0000000000000000     
   0.0000000000000000     
   0.0000000000000000     
   0.0000000000000000     
   0.0000000000000000     
   0.0000000000000000     
   0.0000000000000000     
   0.0000000000000000     
   0.0000000000000000     
   0.0000000000000000     
   0.0000000000000000     
   0.0000000000000000     
   0.0000000000000000     
   0.0000000000000000     
   0.0000000000000000     
   0.0000000000000000     
   0.0000000000000000     
  -3.5790838692938082E-003
   0.0000000000000000     
   0.0000000000000000     
  -4.1955448318986063E-003
   0.0000000000000000     
   0.0000000000000000     
   0.0000000000000000     
   0.0000000000000000     
   0.0000000000000000     
   0.0000000000000000     
   0.0000000000000000     
   0.0000000000000000     
   0.0000000000000000     
   0.0000000000000000     
   0.0000000000000000     
   0.0000000000000000     
   0.0000000000000000     
   0.0000000000000000     
   0.0000000000000000     
   0.0000000000000000     
   0.0000000000000000     
   0.0000000000000000     
   0.0000000000000000     
   0.0000000000000000     
   0.0000000000000000     
   0.0000000000000000     
   0.0000000000000000     
   0.0000000000000000     
   0.0000000000000000     
   0.0000000000000000     
   0.0000000000000000     
   0.0000000000000000     
   0.0000000000000000     
   0.0000000000000000     
   0.0000000000000000     
   0.0000000000000000     
   0.0000000000000000     
   0.0000000000000000     
   0.0000000000000000     
   0.0000000000000000     
   0.0000000000000000     
   1.0232055119074580E-003
   0.0000000000000000     
   0.0000000000000000     
   2.0786781015745817E-003
   0.0000000000000000     
   0.0000000000000000     
   3.6486761527682872E-003
   0.0000000000000000     
   0.0000000000000000     
   0.0000000000000000     
   0.0000000000000000     
   0.0000000000000000     
   0.0000000000000000     
   0.0000000000000000     
   0.0000000000000000     
   0.0000000000000000     
   0.0000000000000000     
   0.0000000000000000     
   0.0000000000000000     
   0.0000000000000000     
   0.0000000000000000     
   0.0000000000000000     
   0.0000000000000000     
   0.0000000000000000     
   0.0000000000000000     
  -2.2278861674813110E-003
   0.0000000000000000     
   0.0000000000000000     
  -3.2793876498317300E-003
   0.0000000000000000     
   0.0000000000000000     
  -4.1893146897189343E-003
   0.0000000000000000     
   0.0000000000000000     
   0.0000000000000000     
   0.0000000000000000     
   0.0000000000000000     
   0.0000000000000000     
   0.0000000000000000     
   0.0000000000000000     
   0.0000000000000000     
   0.0000000000000000     
   0.0000000000000000     
   0.0000000000000000     
   0.0000000000000000     
   0.0000000000000000     
   0.0000000000000000     
   0.0000000000000000     
   0.0000000000000000     
   0.0000000000000000     
   0.0000000000000000     
   0.0000000000000000     
   0.0000000000000000     
   0.0000000000000000     
   0.0000000000000000     
   0.0000000000000000     
   0.0000000000000000     
   0.0000000000000000     
   0.0000000000000000     
   0.0000000000000000     
   0.0000000000000000     
   0.0000000000000000     
   0.0000000000000000     
   0.0000000000000000     
   0.0000000000000000     
   0.0000000000000000     
   0.0000000000000000     
   0.0000000000000000     
   0.0000000000000000     
   0.0000000000000000     
   0.0000000000000000     
   0.0000000000000000     
   3.1073362225493215E-004
   0.0000000000000000     
   0.0000000000000000     
   7.9267632379377800E-004
   0.0000000000000000     
   0.0000000000000000     
   2.0438416244204184E-003
   0.0000000000000000     
   0.0000000000000000     
   3.6486760140576500E-003
   0.0000000000000000     
   0.0000000000000000     
   0.0000000000000000     
   0.0000000000000000     
   0.0000000000000000     
   0.0000000000000000     
   0.0000000000000000     
   0.0000000000000000     
   0.0000000000000000     
   0.0000000000000000     
   0.0000000000000000     
   0.0000000000000000     
   0.0000000000000000     
   0.0000000000000000     
   0.0000000000000000     
   0.0000000000000000     
   0.0000000000000000     
   0.0000000000000000     
  -1.1640458105177812E-003
   0.0000000000000000     
   0.0000000000000000     
  -1.9668060956977000E-003
   0.0000000000000000     
   0.0000000000000000     
  -3.2895745131224794E-003
   0.0000000000000000     
   0.0000000000000000     
  -4.1975710027797649E-003
   0.0000000000000000     
   0.0000000000000000     
   0.0000000000000000     
   0.0000000000000000     
   0.0000000000000000     
   0.0000000000000000     
   0.0000000000000000     
   0.0000000000000000     
   0.0000000000000000     
   0.0000000000000000     
   0.0000000000000000     
   0.0000000000000000     
   0.0000000000000000     
   0.0000000000000000     
   0.0000000000000000     
   0.0000000000000000     
   0.0000000000000000     
   0.0000000000000000     
   0.0000000000000000     
   0.0000000000000000     
   0.0000000000000000     
   0.0000000000000000     
   0.0000000000000000     
   0.0000000000000000     
   0.0000000000000000     
   0.0000000000000000     
   0.0000000000000000     
   0.0000000000000000     
   0.0000000000000000     
   0.0000000000000000     
   0.0000000000000000     
   0.0000000000000000     
   0.0000000000000000     
   0.0000000000000000     
   0.0000000000000000     
   0.0000000000000000     
   0.0000000000000000     
   0.0000000000000000     
   0.0000000000000000     
   0.0000000000000000     
   0.0000000000000000     
   0.0000000000000000     
   0.0000000000000000     
   8.0879626852695642E-005
   0.0000000000000000     
   0.0000000000000000     
   2.3683096882044395E-004
   0.0000000000000000     
   0.0000000000000000     
   7.9949876902268423E-004
   0.0000000000000000     
   0.0000000000000000     
   2.0910858691420920E-003
   0.0000000000000000     
   0.0000000000000000     
   3.6486757412124747E-003
   0.0000000000000000     
   0.0000000000000000     
   0.0000000000000000     
   0.0000000000000000     
   0.0000000000000000     
   0.0000000000000000     
   0.0000000000000000     
   0.0000000000000000     
   0.0000000000000000     
   0.0000000000000000     
   0.0000000000000000     
   0.0000000000000000     
   0.0000000000000000     
   0.0000000000000000     
   0.0000000000000000     
   0.0000000000000000     
   0.0000000000000000     
   0.0000000000000000     
  -6.4809664948846596E-004
   0.0000000000000000     
   0.0000000000000000     
  -1.1685389513254288E-003
   0.0000000000000000     
   0.0000000000000000     
  -2.2448220960609106E-003
   0.0000000000000000     
   0.0000000000000000     
  -3.5946244300830250E-003
   0.0000000000000000     
   0.0000000000000000     
  -4.2144985505178983E-003
   0.0000000000000000     
   0.0000000000000000     
   0.0000000000000000     
   0.0000000000000000     
   0.0000000000000000     
   0.0000000000000000     
   0.0000000000000000     
   0.0000000000000000     
   0.0000000000000000     
   0.0000000000000000     
   0.0000000000000000     
   0.0000000000000000     
   0.0000000000000000     
   0.0000000000000000     
   0.0000000000000000     
   0.0000000000000000     
   0.0000000000000000     
   0.0000000000000000     
   0.0000000000000000     
   0.0000000000000000     
   0.0000000000000000     
   0.0000000000000000     
   0.0000000000000000     
   0.0000000000000000     
   0.0000000000000000     
   0.0000000000000000     
   0.0000000000000000     
   0.0000000000000000     
   0.0000000000000000     
   0.0000000000000000     
   0.0000000000000000     
   0.0000000000000000     
   0.0000000000000000     
   0.0000000000000000     
   0.0000000000000000     
   0.0000000000000000     
   0.0000000000000000     
   0.0000000000000000     
   0.0000000000000000     
   0.0000000000000000     
   0.0000000000000000     
   0.0000000000000000     
   0.0000000000000000     
   0.0000000000000000     
   0.0000000000000000     
   0.0000000000000000     
   2.6081816015749150E-005
   0.0000000000000000     
   0.0000000000000000     
   8.1498407648261553E-005
   0.0000000000000000     
   0.0000000000000000     
   3.1600138327120470E-004
   0.0000000000000000     
   0.0000000000000000     
   1.0371852254970780E-003
   0.0000000000000000     
   0.0000000000000000     
   2.4410399817193376E-003
   0.0000000000000000     
   0.0000000000000000     
   3.6486753462078286E-003
   0.0000000000000000     
   0.0000000000000000     
   0.0000000000000000     
   0.0000000000000000     
   0.0000000000000000     
   0.0000000000000000     
   0.0000000000000000     
   0.0000000000000000     
   0.0000000000000000     
   0.0000000000000000     
   0.0000000000000000     
   0.0000000000000000     
   0.0000000000000000     
   0.0000000000000000     
   0.0000000000000000     
   0.0000000000000000     
   0.0000000000000000     
   0.0000000000000000     
  -2.9177154313137302E-004
   0.0000000000000000     
   0.0000000000000000     
  -5.5173667357032727E-004
   0.0000000000000000     
   0.0000000000000000     
  -1.1794975506889249E-003
   0.0000000000000000     
   0.0000000000000000     
  -2.2901172792431207E-003
   0.0000000000000000     
   0.0000000000000000     
  -3.6007744194606244E-003
   0.0000000000000000     
   0.0000000000000000     
  -4.1988773984807720E-003
   0.0000000000000000     
   0.0000000000000000     
   0.0000000000000000     
   0.0000000000000000     
   0.0000000000000000     
   0.0000000000000000     
   0.0000000000000000     
   0.0000000000000000     
   0.0000000000000000     
   0.0000000000000000     
   0.0000000000000000     
   0.0000000000000000     
   0.0000000000000000     
   0.0000000000000000     
   0.0000000000000000     
   0.0000000000000000     
   0.0000000000000000     
   0.0000000000000000     
   0.0000000000000000     
   0.0000000000000000     
   0.0000000000000000     
   0.0000000000000000     
   0.0000000000000000     
   0.0000000000000000     
   0.0000000000000000     
   0.0000000000000000     
   0.0000000000000000     
   0.0000000000000000     
   0.0000000000000000     
   0.0000000000000000     
   0.0000000000000000     
   0.0000000000000000     
   0.0000000000000000     
   0.0000000000000000     
   0.0000000000000000     
   0.0000000000000000     
   0.0000000000000000     
   0.0000000000000000     
   0.0000000000000000     
   0.0000000000000000     
   0.0000000000000000     
   0.0000000000000000     
   0.0000000000000000     
   0.0000000000000000     
   0.0000000000000000     
   0.0000000000000000     
   0.0000000000000000     
   0.0000000000000000     
   0.0000000000000000     
   5.8709882455228588E-006
   0.0000000000000000     
   0.0000000000000000     
   1.9240130345198941E-005
   0.0000000000000000     
   0.0000000000000000     
   8.3018393755702140E-005
   0.0000000000000000     
   0.0000000000000000     
   3.3039293465394895E-004
   0.0000000000000000     
   0.0000000000000000     
   1.0427858427689341E-003
   0.0000000000000000     
   0.0000000000000000     
   2.0994397794920922E-003
   0.0000000000000000     
   0.0000000000000000     
   3.6486744075077400E-003
   0.0000000000000000     
   0.0000000000000000     
   0.0000000000000000     
   0.0000000000000000     
   0.0000000000000000     
   0.0000000000000000     
   0.0000000000000000     
   0.0000000000000000     
   0.0000000000000000     
   0.0000000000000000     
   0.0000000000000000     
   0.0000000000000000     
   0.0000000000000000     
   0.0000000000000000     
   0.0000000000000000     
   0.0000000000000000     
   0.0000000000000000     
   0.0000000000000000     
  -1.2700508594626196E-004
   0.0000000000000000     
   0.0000000000000000     
  -2.4619128112658500E-004
   0.0000000000000000     
   0.0000000000000000     
  -5.5747490974012446E-004
   0.0000000000000000     
   0.0000000000000000     
  -1.2093336954007911E-003
   0.0000000000000000     
   0.0000000000000000     
  -2.2969281500031212E-003
   0.0000000000000000     
   0.0000000000000000     
  -3.3417962783885841E-003
   0.0000000000000000     
   0.0000000000000000     
  -4.1988752377076178E-003
   0.0000000000000000     
   0.0000000000000000     
   0.0000000000000000     
   0.0000000000000000     
   0.0000000000000000     
   0.0000000000000000     
   0.0000000000000000     
   0.0000000000000000     
   0.0000000000000000     
   0.0000000000000000     
   0.0000000000000000     
   0.0000000000000000     
   0.0000000000000000     
   0.0000000000000000     
   0.0000000000000000     
   0.0000000000000000     
   0.0000000000000000     
   0.0000000000000000     
   0.0000000000000000     
   0.0000000000000000     
   0.0000000000000000     
   0.0000000000000000     
   0.0000000000000000     
   0.0000000000000000     
   0.0000000000000000     
   0.0000000000000000     
   0.0000000000000000     
   0.0000000000000000     
   0.0000000000000000     
   0.0000000000000000     
   0.0000000000000000     
   0.0000000000000000     
   0.0000000000000000     
   0.0000000000000000     
   0.0000000000000000     
   0.0000000000000000     
   0.0000000000000000     
   0.0000000000000000     
   0.0000000000000000     
   0.0000000000000000     
   0.0000000000000000     
   0.0000000000000000     
   0.0000000000000000     
   0.0000000000000000     
   0.0000000000000000     
   0.0000000000000000     
   0.0000000000000000     
   0.0000000000000000     
   0.0000000000000000     
   0.0000000000000000     
   0.0000000000000000     
   0.0000000000000000     
   1.2777910509464503E-006
   0.0000000000000000     
   0.0000000000000000     
   4.2925886899402813E-006
   0.0000000000000000     
   0.0000000000000000     
   1.9618828004209919E-005
   0.0000000000000000     
   0.0000000000000000     
   8.7234772447778781E-005
   0.0000000000000000     
   0.0000000000000000     
   3.3259603916787023E-004
   0.0000000000000000     
   0.0000000000000000     
   8.3545035857519206E-004
   0.0000000000000000     
   0.0000000000000000     
   2.0994397777336100E-003
   0.0000000000000000     
   0.0000000000000000     
   3.6486725301082840E-003
   0.0000000000000000     
   0.0000000000000000     
   0.0000000000000000     
   0.0000000000000000     
   0.0000000000000000     
   0.0000000000000000     
   0.0000000000000000     
   0.0000000000000000     
   0.0000000000000000     
   0.0000000000000000     
   0.0000000000000000     
   0.0000000000000000     
   0.0000000000000000     
   0.0000000000000000     
   0.0000000000000000     
   0.0000000000000000     
   0.0000000000000000     
   0.0000000000000000     
  -5.4340399268553181E-005
   0.0000000000000000     
   0.0000000000000000     
  -1.0667577192061714E-004
   0.0000000000000000     
   0.0000000000000000     
  -2.4888418859915956E-004
   0.0000000000000000     
   0.0000000000000000     
  -5.7315653663300324E-004
   0.0000000000000000     
   0.0000000000000000     
  -1.2138494250903608E-003
   0.0000000000000000     
   0.0000000000000000     
  -2.0316254019836430E-003
   0.0000000000000000     
   0.0000000000000000     
  -3.3417938739334014E-003
   0.0000000000000000     
   0.0000000000000000     
  -4.1988709175166767E-003
   0.0000000000000000     
   0.0000000000000000     
   0.0000000000000000     
   0.0000000000000000     
   0.0000000000000000     
   0.0000000000000000     
   0.0000000000000000     
   0.0000000000000000     
   0.0000000000000000     
   0.0000000000000000     
   0.0000000000000000     
   0.0000000000000000     
   0.0000000000000000     
   0.0000000000000000     
   0.0000000000000000     
   0.0000000000000000     
   0.0000000000000000     
   0.0000000000000000     
   0.0000000000000000     
   0.0000000000000000     
   0.0000000000000000     
   0.0000000000000000     
   0.0000000000000000     
   0.0000000000000000     
   0.0000000000000000     
   0.0000000000000000     
   0.0000000000000000     
   0.0000000000000000     
   0.0000000000000000     
   0.0000000000000000     
   0.0000000000000000     
   0.0000000000000000     
   0.0000000000000000     
   0.0000000000000000     
   0.0000000000000000     
   0.0000000000000000     
   0.0000000000000000     
   0.0000000000000000     
   0.0000000000000000     
   0.0000000000000000     
   0.0000000000000000     
   0.0000000000000000     
   0.0000000000000000     
   0.0000000000000000     
   0.0000000000000000     
   0.0000000000000000     
   0.0000000000000000     
   0.0000000000000000     
   0.0000000000000000     
   0.0000000000000000     
   0.0000000000000000     
   0.0000000000000000     
   0.0000000000000000     
   0.0000000000000000     
   0.0000000000000000     
   2.7335841864326174E-007
   0.0000000000000000     
   0.0000000000000000     
   9.3000075615188315E-007
   0.0000000000000000     
   0.0000000000000000     
   4.3794133699897780E-006
   0.0000000000000000     
   0.0000000000000000     
   2.0672244238427532E-005
   0.0000000000000000     
   0.0000000000000000     
   8.7883102151447171E-005
   0.0000000000000000     
   0.0000000000000000     
   2.5395409013345737E-004
   0.0000000000000000     
   0.0000000000000000     
   8.3545104837579639E-004
   0.0000000000000000     
   0.0000000000000000     
   2.0994397830064546E-003
   0.0000000000000000     
   0.0000000000000000     
   3.6486687753122847E-003
   0.0000000000000000     
   0.0000000000000000     
   0.0000000000000000     
   0.0000000000000000     
   0.0000000000000000     
   0.0000000000000000     
   0.0000000000000000     
   0.0000000000000000     
   0.0000000000000000     
   0.0000000000000000     
   0.0000000000000000     
   0.0000000000000000     
   0.0000000000000000     
   0.0000000000000000     
   0.0000000000000000     
   0.0000000000000000     
   0.0000000000000000     
   0.0000000000000000     
  -2.3048580859911846E-005
   0.0000000000000000     
   0.0000000000000000     
  -4.5536648668718565E-005
   0.0000000000000000     
   0.0000000000000000     
  -1.0787207296073453E-004
   0.0000000000000000     
   0.0000000000000000     
  -2.5625722009816590E-004
   0.0000000000000000     
   0.0000000000000000     
  -5.7553747738767604E-004
   0.0000000000000000     
   0.0000000000000000     
  -1.0433707266413106E-003
   0.0000000000000000     
   0.0000000000000000     
  -2.0316236597194646E-003
   0.0000000000000000     
   0.0000000000000000     
  -3.3417890607649594E-003
   0.0000000000000000     
   0.0000000000000000     
  -4.1988622749828328E-003
   0.0000000000000000     
   0.0000000000000000     
   0.0000000000000000     
   0.0000000000000000     
   0.0000000000000000     
   0.0000000000000000     
   0.0000000000000000     
   0.0000000000000000     
   0.0000000000000000     
   0.0000000000000000     
   0.0000000000000000     
   0.0000000000000000     
   0.0000000000000000     
   0.0000000000000000     
   0.0000000000000000     
   0.0000000000000000     
   0.0000000000000000     
   0.0000000000000000     
   0.0000000000000000     
   0.0000000000000000     
   0.0000000000000000     
   0.0000000000000000     
   0.0000000000000000     
   0.0000000000000000     
   0.0000000000000000     
   0.0000000000000000     
   0.0000000000000000     
   0.0000000000000000     
   0.0000000000000000     
   0.0000000000000000     
   0.0000000000000000     
   0.0000000000000000     
   0.0000000000000000     
   0.0000000000000000     
   0.0000000000000000     
   0.0000000000000000     
   0.0000000000000000     
   0.0000000000000000     
   0.0000000000000000     
   0.0000000000000000     
   0.0000000000000000     
   0.0000000000000000     
   0.0000000000000000     
   0.0000000000000000     
   0.0000000000000000     
   0.0000000000000000     
   0.0000000000000000     
   0.0000000000000000     
   0.0000000000000000     
   0.0000000000000000     
   0.0000000000000000     
   0.0000000000000000     
   0.0000000000000000     
   0.0000000000000000     
   0.0000000000000000     
   0.0000000000000000     
   0.0000000000000000     
   0.0000000000000000     
   5.7972978075818844E-008
   0.0000000000000000     
   0.0000000000000000     
   1.9849536241875493E-007
   0.0000000000000000     
   0.0000000000000000     
   9.4907263063296144E-007
   0.0000000000000000     
   0.0000000000000000     
   4.6212799724279624E-006
   0.0000000000000000     
   0.0000000000000000     
   2.0834638166720173E-005
   0.0000000000000000     
   0.0000000000000000     
   6.5211173771144199E-005
   0.0000000000000000     
   0.0000000000000000     
   2.5395478703879430E-004
   0.0000000000000000     
   0.0000000000000000     
   8.3545242497188796E-004
   0.0000000000000000     
   0.0000000000000000     
   2.0994397794843085E-003
   0.0000000000000000     
   0.0000000000000000     
   3.6486612657318689E-003
   0.0000000000000000     
   0.0000000000000000     
   0.0000000000000000     
   0.0000000000000000     
   0.0000000000000000     
   0.0000000000000000     
   0.0000000000000000     
   0.0000000000000000     
   0.0000000000000000     
   0.0000000000000000     
   0.0000000000000000     
   0.0000000000000000     
   0.0000000000000000     
   0.0000000000000000     
   0.0000000000000000     
   0.0000000000000000     
   0.0000000000000000     
   0.0000000000000000     
  -9.7334031226444997E-006
   0.0000000000000000     
   0.0000000000000000     
  -1.9291929868749256E-005
   0.0000000000000000     
   0.0000000000000000     
  -4.6053682989632021E-005
   0.0000000000000000     
   0.0000000000000000     
  -1.1115055179216680E-004
   0.0000000000000000     
   0.0000000000000000     
  -2.5737843434134089E-004
   0.0000000000000000     
   0.0000000000000000     
  -4.8699954355876837E-004
   0.0000000000000000     
   0.0000000000000000     
  -1.0433697476630505E-003
   0.0000000000000000     
   0.0000000000000000     
  -2.0316201765469399E-003
   0.0000000000000000     
   0.0000000000000000     
  -3.3417794287620307E-003
   0.0000000000000000     
   0.0000000000000000     
  -4.1988449910444793E-003
   0.0000000000000000     
   0.0000000000000000     
   0.0000000000000000     
   0.0000000000000000     
   0.0000000000000000     
   0.0000000000000000     
   0.0000000000000000     
   0.0000000000000000     
   0.0000000000000000     
   0.0000000000000000     
   0.0000000000000000     
   0.0000000000000000     
   0.0000000000000000     
   0.0000000000000000     
   0.0000000000000000     
   0.0000000000000000     
   0.0000000000000000     
   0.0000000000000000     
   0.0000000000000000     
   0.0000000000000000     
   0.0000000000000000     
   0.0000000000000000     
   0.0000000000000000     
   0.0000000000000000     
   0.0000000000000000     
   0.0000000000000000     
   0.0000000000000000     
   0.0000000000000000     
   0.0000000000000000     
   0.0000000000000000     
   0.0000000000000000     
   0.0000000000000000     
   0.0000000000000000     
   0.0000000000000000     
   0.0000000000000000     
   0.0000000000000000     
   0.0000000000000000     
   0.0000000000000000     
   0.0000000000000000     
   0.0000000000000000     
   0.0000000000000000     
   0.0000000000000000     
   0.0000000000000000     
   0.0000000000000000     
   0.0000000000000000     
   0.0000000000000000     
   0.0000000000000000     
   0.0000000000000000     
   0.0000000000000000     
   0.0000000000000000     
   0.0000000000000000     
   0.0000000000000000     
   0.0000000000000000     
   0.0000000000000000     
   0.0000000000000000     
   0.0000000000000000     
   0.0000000000000000     
   0.0000000000000000     
   0.0000000000000000     
   0.0000000000000000     
   0.0000000000000000     
   1.2241079282034108E-008
   0.0000000000000000     
   0.0000000000000000     
   4.2047342620358066E-008
   0.0000000000000000     
   0.0000000000000000     
   2.0259483617706867E-007
   0.0000000000000000     
   0.0000000000000000     
   1.0022391710091571E-006
   0.0000000000000000     
   0.0000000000000000     
   4.6586285938129073E-006
   0.0000000000000000     
   0.0000000000000000     
   1.5218978499612918E-005
   0.0000000000000000     
   0.0000000000000000     
   6.5211615890170077E-005
   0.0000000000000000     
   0.0000000000000000     
   2.5395618121274691E-004
   0.0000000000000000     
   0.0000000000000000     
   8.3545517415158457E-004
   0.0000000000000000     
   0.0000000000000000     
   2.0994397794605940E-003
   0.0000000000000000     
   0.0000000000000000     
   3.6486462466174064E-003
   0.0000000000000000     
   0.0000000000000000     
   0.0000000000000000     
   0.0000000000000000     
   0.0000000000000000     
   0.0000000000000000     
   0.0000000000000000     
   0.0000000000000000     
   0.0000000000000000     
   0.0000000000000000     
   0.0000000000000000     
   0.0000000000000000     
   0.0000000000000000     
   0.0000000000000000     
   0.0000000000000000     
   0.0000000000000000     
   0.0000000000000000     
   0.0000000000000000     
  -8.5375151668466189E-018
   0.0000000000000000     
   0.0000000000000000     
  -1.6226750223463134E-017
   0.0000000000000000     
   0.0000000000000000     
  -2.5755139729065431E-017
   0.0000000000000000     
   0.0000000000000000     
  -2.6762838575311828E-017
   0.0000000000000000     
   0.0000000000000000     
  -1.9499075521696646E-017
   0.0000000000000000     
   0.0000000000000000     
  -1.2782910237058301E-017
   0.0000000000000000     
   0.0000000000000000     
  -6.5066794307670642E-018
   0.0000000000000000     
   0.0000000000000000     
  -3.0223522818634640E-018
   0.0000000000000000     
   0.0000000000000000     
  -1.3371036978089470E-018
   0.0000000000000000     
   0.0000000000000000     
  -5.7683698920670305E-019
   0.0000000000000000     
   0.0000000000000000     
  -2.4568821394455797E-019
   0.0000000000000000     
   0.0000000000000000     
   0.0000000000000000     
   0.0000000000000000     
   0.0000000000000000     
   0.0000000000000000     
   0.0000000000000000     
   0.0000000000000000     
   0.0000000000000000     
   0.0000000000000000     
   0.0000000000000000     
   0.0000000000000000     
   0.0000000000000000     
   0.0000000000000000     
   0.0000000000000000     
   0.0000000000000000     
   0.0000000000000000     
   0.0000000000000000     
   0.0000000000000000     
   0.0000000000000000     
   0.0000000000000000     
   0.0000000000000000     
   0.0000000000000000     
   0.0000000000000000     
   0.0000000000000000     
   0.0000000000000000     
   0.0000000000000000     
   0.0000000000000000     
   0.0000000000000000     
   0.0000000000000000     
   0.0000000000000000     
   0.0000000000000000     
   0.0000000000000000     
   0.0000000000000000     
   0.0000000000000000     
   0.0000000000000000     
   0.0000000000000000     
   0.0000000000000000     
   0.0000000000000000     
   0.0000000000000000     
   0.0000000000000000     
   0.0000000000000000     
   0.0000000000000000     
   0.0000000000000000     
   0.0000000000000000     
   0.0000000000000000     
   0.0000000000000000     
   0.0000000000000000     
   0.0000000000000000     
   0.0000000000000000     
   0.0000000000000000     
   0.0000000000000000     
   0.0000000000000000     
   0.0000000000000000     
   0.0000000000000000     
   0.0000000000000000     
   0.0000000000000000     
   0.0000000000000000     
   0.0000000000000000     
   0.0000000000000000     
   0.0000000000000000     
   0.0000000000000000     
   0.0000000000000000     
   0.0000000000000000     
   0.0000000000000000     
   0.0000000000000000     
   0.0000000000000000     
   0.0000000000000000     
   0.0000000000000000     
   0.0000000000000000     
   0.0000000000000000     
   0.0000000000000000     
   0.0000000000000000     
   0.0000000000000000     
   0.0000000000000000     
   0.0000000000000000     
   0.0000000000000000     
   0.0000000000000000     
   0.0000000000000000     
   0.0000000000000000     
   0.0000000000000000     
   0.0000000000000000     
   0.0000000000000000     
   0.0000000000000000     
   0.0000000000000000     
   0.0000000000000000     
   0.0000000000000000     
   0.0000000000000000     
   0.0000000000000000     
   0.0000000000000000     
   0.0000000000000000     
   0.0000000000000000     
   0.0000000000000000     
   0.0000000000000000     
   0.0000000000000000     
   0.0000000000000000     
   0.0000000000000000     
   0.0000000000000000     
   0.0000000000000000     
   0.0000000000000000     
   0.0000000000000000     
   0.0000000000000000     
   0.0000000000000000     
   0.0000000000000000     
   0.0000000000000000     
   0.0000000000000000     
   0.0000000000000000     
   0.0000000000000000     
   0.0000000000000000     
   0.0000000000000000     
   0.0000000000000000     
   0.0000000000000000     
   0.0000000000000000     
   0.0000000000000000     
   0.0000000000000000     
   0.0000000000000000     
   0.0000000000000000     
   0.0000000000000000     
   0.0000000000000000     
   0.0000000000000000     
   0.0000000000000000     
   0.0000000000000000     
   0.0000000000000000     
   0.0000000000000000     
   0.0000000000000000     
   0.0000000000000000     
   0.0000000000000000     
   0.0000000000000000     
   0.0000000000000000     
   0.0000000000000000     
   0.0000000000000000     
   0.0000000000000000     
   0.0000000000000000     
   0.0000000000000000     
   0.0000000000000000     
   0.0000000000000000     
   0.0000000000000000     
   0.0000000000000000     
   0.0000000000000000     
   0.0000000000000000     
   0.0000000000000000     
   0.0000000000000000     
   0.0000000000000000     
   0.0000000000000000     
   0.0000000000000000     
   0.0000000000000000     
   0.0000000000000000     
   0.0000000000000000     
   0.0000000000000000     
   0.0000000000000000     
   0.0000000000000000     
  -2.7139640441273008E-007
  -8.7301579146304639E-007
  -3.6402198265771403E-006
  -1.6470704713547154E-005
  -7.2287296209598686E-005
  -2.9584444711085135E-004
  -1.0306001221394856E-003
  -2.5504278029611889E-003
  -3.6464745864576778E-003
  -2.6807492444323429E-003
  -1.1262067343324842E-003
  -3.3200960484738233E-004
  -8.7559049067085579E-005
  -2.8444987718109295E-005
  -1.4787410039368227E-017
   0.0000000000000000     
   0.0000000000000000     
  -2.8105555828767783E-017
   0.0000000000000000     
   0.0000000000000000     
  -4.4609210566777054E-017
   0.0000000000000000     
   0.0000000000000000     
  -4.6354596167204354E-017
   0.0000000000000000     
   0.0000000000000000     
  -3.3773389504201209E-017
   0.0000000000000000     
   0.0000000000000000     
  -2.2140649999177302E-017
   0.0000000000000000     
   0.0000000000000000     
  -1.1269899362651896E-017
   0.0000000000000000     
   0.0000000000000000     
  -5.2348677105592517E-018
   0.0000000000000000     
   0.0000000000000000     
  -2.3159315395933188E-018
   0.0000000000000000     
   0.0000000000000000     
  -9.9911097299107004E-019
   0.0000000000000000     
   0.0000000000000000     
  -4.2554446937282670E-019
   0.0000000000000000     
   0.0000000000000000     
   2.1065640418863685E-003
  -2.1065641708138080E-003
  -6.3196925124414235E-003
   0.0000000000000000     
   0.0000000000000000     
   0.0000000000000000     
   0.0000000000000000     
   0.0000000000000000     
   0.0000000000000000     
   0.0000000000000000     
   0.0000000000000000     
   0.0000000000000000     
   0.0000000000000000     
   0.0000000000000000     
   0.0000000000000000     
   0.0000000000000000     
   0.0000000000000000     
   0.0000000000000000     
   0.0000000000000000     
   0.0000000000000000     
   0.0000000000000000     
   0.0000000000000000     
   0.0000000000000000     
   0.0000000000000000     
   0.0000000000000000     
   0.0000000000000000     
   0.0000000000000000     
   0.0000000000000000     
   0.0000000000000000     
   0.0000000000000000     
   0.0000000000000000     
   0.0000000000000000     
   0.0000000000000000     
   0.0000000000000000     
   0.0000000000000000     
   0.0000000000000000     
   0.0000000000000000     
   0.0000000000000000     
   0.0000000000000000     
   0.0000000000000000     
   0.0000000000000000     
   0.0000000000000000     
   0.0000000000000000     
   0.0000000000000000     
   0.0000000000000000     
   0.0000000000000000     
   0.0000000000000000     
   0.0000000000000000     
   0.0000000000000000     
   0.0000000000000000     
   0.0000000000000000     
   0.0000000000000000     
   0.0000000000000000     
   0.0000000000000000     
   0.0000000000000000     
   3.6486761732537178E-003
   0.0000000000000000     
   0.0000000000000000     
   0.0000000000000000     
   0.0000000000000000     
   0.0000000000000000     
   0.0000000000000000     
   0.0000000000000000     
   0.0000000000000000     
   0.0000000000000000     
   0.0000000000000000     
   0.0000000000000000     
   0.0000000000000000     
   0.0000000000000000     
   0.0000000000000000     
   0.0000000000000000     
   0.0000000000000000     
   0.0000000000000000     
   0.0000000000000000     
  -4.0732219672186433E-018
   0.0000000000000000     
   0.0000000000000000     
  -9.8633615597286579E-018
   0.0000000000000000     
   0.0000000000000000     
  -2.3148848846912476E-017
   0.0000000000000000     
   0.0000000000000000     
  -3.6730738742758612E-017
   0.0000000000000000     
   0.0000000000000000     
  -3.7816428337738942E-017
   0.0000000000000000     
   0.0000000000000000     
  -3.0190807889834228E-017
   0.0000000000000000     
   0.0000000000000000     
  -1.8077762057459921E-017
   0.0000000000000000     
   0.0000000000000000     
  -9.2018326948201939E-018
   0.0000000000000000     
   0.0000000000000000     
  -4.2742508327481950E-018
   0.0000000000000000     
   0.0000000000000000     
  -1.8909498416333059E-018
   0.0000000000000000     
   0.0000000000000000     
  -8.1577054473772133E-019
   0.0000000000000000     
   0.0000000000000000     
   0.0000000000000000     
   0.0000000000000000     
  -3.4283702441032181E-003
   0.0000000000000000     
   0.0000000000000000     
   0.0000000000000000     
   0.0000000000000000     
   0.0000000000000000     
   0.0000000000000000     
   0.0000000000000000     
   0.0000000000000000     
   0.0000000000000000     
   0.0000000000000000     
   0.0000000000000000     
   0.0000000000000000     
   0.0000000000000000     
   0.0000000000000000     
   0.0000000000000000     
   0.0000000000000000     
   0.0000000000000000     
   0.0000000000000000     
   0.0000000000000000     
   0.0000000000000000     
   0.0000000000000000     
   0.0000000000000000     
   0.0000000000000000     
   0.0000000000000000     
   0.0000000000000000     
   0.0000000000000000     
   0.0000000000000000     
   0.0000000000000000     
   0.0000000000000000     
   0.0000000000000000     
   0.0000000000000000     
   0.0000000000000000     
   0.0000000000000000     
   0.0000000000000000     
   0.0000000000000000     
   0.0000000000000000     
   0.0000000000000000     
   0.0000000000000000     
   0.0000000000000000     
   0.0000000000000000     
   0.0000000000000000     
   0.0000000000000000     
   0.0000000000000000     
   0.0000000000000000     
   0.0000000000000000     
   0.0000000000000000     
   0.0000000000000000     
   0.0000000000000000     
   0.0000000000000000     
   0.0000000000000000     
   0.0000000000000000     
   0.0000000000000000     
   0.0000000000000000     
   1.1427902678793670E-003
   0.0000000000000000     
   0.0000000000000000     
   0.0000000000000000     
   0.0000000000000000     
   0.0000000000000000     
   0.0000000000000000     
   0.0000000000000000     
   0.0000000000000000     
   0.0000000000000000     
   0.0000000000000000     
   0.0000000000000000     
   0.0000000000000000     
   0.0000000000000000     
   0.0000000000000000     
   0.0000000000000000     
   0.0000000000000000     
   0.0000000000000000     
   0.0000000000000000     
   0.0000000000000000     
   0.0000000000000000     
   0.0000000000000000     
   0.0000000000000000     
   0.0000000000000000     
   0.0000000000000000     
   0.0000000000000000     
   0.0000000000000000     
   0.0000000000000000     
   0.0000000000000000     
   0.0000000000000000     
   0.0000000000000000     
   0.0000000000000000     
   0.0000000000000000     
   0.0000000000000000     
   0.0000000000000000     
   0.0000000000000000     
   0.0000000000000000     
   0.0000000000000000     
   0.0000000000000000     
   0.0000000000000000     
   0.0000000000000000     
   0.0000000000000000     
   0.0000000000000000     
   0.0000000000000000     
   0.0000000000000000     
   0.0000000000000000     
   0.0000000000000000     
   0.0000000000000000     
   0.0000000000000000     
   0.0000000000000000     
   0.0000000000000000     
   0.0000000000000000     
   0.0000000000000000     
   0.0000000000000000     
   0.0000000000000000     
   3.4283708036381014E-003
   0.0000000000000000     
   0.0000000000000000     
   0.0000000000000000     
   0.0000000000000000     
   0.0000000000000000     
   0.0000000000000000     
   0.0000000000000000     
   0.0000000000000000     
   0.0000000000000000     
   0.0000000000000000     
   0.0000000000000000     
   0.0000000000000000     
   0.0000000000000000     
   0.0000000000000000     
   0.0000000000000000     
   0.0000000000000000     
   0.0000000000000000     
   0.0000000000000000     
   0.0000000000000000     
   0.0000000000000000     
   0.0000000000000000     
   0.0000000000000000     
   0.0000000000000000     
   0.0000000000000000     
   0.0000000000000000     
   0.0000000000000000     
   0.0000000000000000     
   0.0000000000000000     
   0.0000000000000000     
   0.0000000000000000     
   0.0000000000000000     
   0.0000000000000000     
   0.0000000000000000     
   0.0000000000000000     
   0.0000000000000000     
   0.0000000000000000     
   0.0000000000000000     
   0.0000000000000000     
   0.0000000000000000     
   0.0000000000000000     
   0.0000000000000000     
   0.0000000000000000     
   0.0000000000000000     
   0.0000000000000000     
   0.0000000000000000     
   0.0000000000000000     
   0.0000000000000000     
   0.0000000000000000     
   0.0000000000000000     
   0.0000000000000000     
   0.0000000000000000     
   0.0000000000000000     
   0.0000000000000000     
   0.0000000000000000     
   0.0000000000000000     
   0.0000000000000000     
  -3.9587413704389104E-003
   0.0000000000000000     
   0.0000000000000000     
   0.0000000000000000     
   0.0000000000000000     
  -8.0841383397986863E-008
  -2.6052181297250194E-007
  -1.0914678664430022E-006
  -4.9970838184197103E-006
  -2.2551810982233165E-005
  -9.8475436639939776E-005
  -3.9603087966480824E-004
  -1.2984134200145605E-003
  -2.9038644197049981E-003
  -3.6087647760826404E-003
  -2.3205263791484841E-003
  -8.8648794852705577E-004
  -2.6501943280947133E-004
  -9.0551019823445424E-005
  -7.0550273977283431E-018
   0.0000000000000000     
   0.0000000000000000     
  -1.7083843354871843E-017
   0.0000000000000000     
   0.0000000000000000     
  -4.0094982339584634E-017
   0.0000000000000000     
   0.0000000000000000     
  -6.3619505701996511E-017
   0.0000000000000000     
   0.0000000000000000     
  -6.5499975241751290E-017
   0.0000000000000000     
   0.0000000000000000     
  -5.2292013186744207E-017
   0.0000000000000000     
   0.0000000000000000     
  -3.1311602370661458E-017
   0.0000000000000000     
   0.0000000000000000     
  -1.5938041750177012E-017
   0.0000000000000000     
   0.0000000000000000     
  -7.4032196066134587E-018
   0.0000000000000000     
   0.0000000000000000     
  -3.2752212002732081E-018
   0.0000000000000000     
   0.0000000000000000     
  -1.4129560308038728E-018
   0.0000000000000000     
   0.0000000000000000     
   1.3988371810848947E-010
  -2.2855803958750122E-003
  -6.8567411876250383E-003
   0.0000000000000000     
   0.0000000000000000     
   0.0000000000000000     
   2.1065638484952130E-003
  -2.1065641063500867E-003
  -6.3196923190502602E-003
   0.0000000000000000     
   0.0000000000000000     
   0.0000000000000000     
   0.0000000000000000     
   0.0000000000000000     
   0.0000000000000000     
   0.0000000000000000     
   0.0000000000000000     
   0.0000000000000000     
   0.0000000000000000     
   0.0000000000000000     
   0.0000000000000000     
   0.0000000000000000     
   0.0000000000000000     
   0.0000000000000000     
   0.0000000000000000     
   0.0000000000000000     
   0.0000000000000000     
   0.0000000000000000     
   0.0000000000000000     
   0.0000000000000000     
   0.0000000000000000     
   0.0000000000000000     
   0.0000000000000000     
   0.0000000000000000     
   0.0000000000000000     
   0.0000000000000000     
   0.0000000000000000     
   0.0000000000000000     
   0.0000000000000000     
   0.0000000000000000     
   0.0000000000000000     
   0.0000000000000000     
   0.0000000000000000     
   0.0000000000000000     
   0.0000000000000000     
   0.0000000000000000     
   0.0000000000000000     
   0.0000000000000000     
   0.0000000000000000     
   0.0000000000000000     
   0.0000000000000000     
   0.0000000000000000     
   0.0000000000000000     
   0.0000000000000000     
   0.0000000000000000     
   0.0000000000000000     
   0.0000000000000000     
   0.0000000000000000     
   0.0000000000000000     
   0.0000000000000000     
   0.0000000000000000     
   1.9793708063623114E-003
   0.0000000000000000     
   0.0000000000000000     
   0.0000000000000000     
   0.0000000000000000     
   0.0000000000000000     
   3.6486760615992804E-003
   0.0000000000000000     
   0.0000000000000000     
   0.0000000000000000     
   0.0000000000000000     
   0.0000000000000000     
   0.0000000000000000     
   0.0000000000000000     
   0.0000000000000000     
   0.0000000000000000     
   0.0000000000000000     
   0.0000000000000000     
   0.0000000000000000     
   0.0000000000000000     
   0.0000000000000000     
   0.0000000000000000     
   0.0000000000000000     
   0.0000000000000000     
   0.0000000000000000     
  -1.9479466405972260E-003
   0.0000000000000000     
   0.0000000000000000     
  -2.7090768973898811E-003
   0.0000000000000000     
   0.0000000000000000     
  -2.5521288385392049E-003
   0.0000000000000000     
   0.0000000000000000     
  -1.4026288995459238E-003
   0.0000000000000000     
   0.0000000000000000     
  -5.2283500958136080E-004
   0.0000000000000000     
   0.0000000000000000     
  -1.9980667163651446E-004
   0.0000000000000000     
   0.0000000000000000     
  -5.0960305770871459E-005
   0.0000000000000000     
   0.0000000000000000     
  -1.1837949701390992E-005
   0.0000000000000000     
   0.0000000000000000     
  -2.6182243040169752E-006
   0.0000000000000000     
   0.0000000000000000     
  -5.6468805277113375E-007
   0.0000000000000000     
   0.0000000000000000     
  -1.2024782146129091E-007
   0.0000000000000000     
   0.0000000000000000     
   0.0000000000000000     
   0.0000000000000000     
  -6.1942626997430901E-017
   0.0000000000000000     
   0.0000000000000000     
   0.0000000000000000     
   0.0000000000000000     
   0.0000000000000000     
  -5.5623248219089066E-017
   0.0000000000000000     
   0.0000000000000000     
   0.0000000000000000     
   0.0000000000000000     
   0.0000000000000000     
   0.0000000000000000     
   0.0000000000000000     
   0.0000000000000000     
   0.0000000000000000     
   0.0000000000000000     
   0.0000000000000000     
   0.0000000000000000     
   0.0000000000000000     
   0.0000000000000000     
   0.0000000000000000     
   0.0000000000000000     
   0.0000000000000000     
   0.0000000000000000     
   0.0000000000000000     
   0.0000000000000000     
   0.0000000000000000     
   0.0000000000000000     
   0.0000000000000000     
   0.0000000000000000     
   0.0000000000000000     
   0.0000000000000000     
   0.0000000000000000     
   0.0000000000000000     
   0.0000000000000000     
   0.0000000000000000     
   0.0000000000000000     
   0.0000000000000000     
   0.0000000000000000     
   0.0000000000000000     
   0.0000000000000000     
   0.0000000000000000     
   0.0000000000000000     
   0.0000000000000000     
   0.0000000000000000     
   0.0000000000000000     
   0.0000000000000000     
   0.0000000000000000     
   0.0000000000000000     
   0.0000000000000000     
   0.0000000000000000     
   0.0000000000000000     
   0.0000000000000000     
   0.0000000000000000     
   0.0000000000000000     
   0.0000000000000000     
   0.0000000000000000     
   0.0000000000000000     
   0.0000000000000000     
   0.0000000000000000     
   0.0000000000000000     
   0.0000000000000000     
   0.0000000000000000     
   0.0000000000000000     
   0.0000000000000000     
   0.0000000000000000     
   0.0000000000000000     
   0.0000000000000000     
   0.0000000000000000     
   0.0000000000000000     
   0.0000000000000000     
   0.0000000000000000     
   0.0000000000000000     
   0.0000000000000000     
   0.0000000000000000     
   0.0000000000000000     
   0.0000000000000000     
   0.0000000000000000     
   0.0000000000000000     
   0.0000000000000000     
   0.0000000000000000     
   0.0000000000000000     
   0.0000000000000000     
   8.5393720737444718E-004
   0.0000000000000000     
   0.0000000000000000     
   2.0581550911743492E-003
   0.0000000000000000     
   0.0000000000000000     
   3.9134563340865389E-003
   0.0000000000000000     
   0.0000000000000000     
   4.4085567062982674E-003
   0.0000000000000000     
   0.0000000000000000     
   3.2987127374813278E-003
   0.0000000000000000     
   0.0000000000000000     
   2.1765108694552643E-003
   0.0000000000000000     
   0.0000000000000000     
   1.1102292217069082E-003
   0.0000000000000000     
   0.0000000000000000     
   5.1580633186865382E-004
   0.0000000000000000     
   0.0000000000000000     
   2.2816347899995442E-004
   0.0000000000000000     
   0.0000000000000000     
   9.8418351850568407E-005
   0.0000000000000000     
   0.0000000000000000     
   4.1915159770157466E-005
   0.0000000000000000     
   0.0000000000000000     
  -1.7881297139065846E-017
   0.0000000000000000     
   0.0000000000000000     
   0.0000000000000000     
   0.0000000000000000     
   0.0000000000000000     
  -1.6057049760796901E-017
   0.0000000000000000     
   0.0000000000000000     
   0.0000000000000000     
   0.0000000000000000     
   0.0000000000000000     
   2.1892056158317841E-003
   0.0000000000000000     
   0.0000000000000000     
   0.0000000000000000     
   0.0000000000000000     
   0.0000000000000000     
   0.0000000000000000     
   0.0000000000000000     
   0.0000000000000000     
   0.0000000000000000     
   0.0000000000000000     
   0.0000000000000000     
   0.0000000000000000     
   0.0000000000000000     
   0.0000000000000000     
   0.0000000000000000     
   0.0000000000000000     
   0.0000000000000000     
   0.0000000000000000     
   0.0000000000000000     
   0.0000000000000000     
   0.0000000000000000     
   0.0000000000000000     
   0.0000000000000000     
   0.0000000000000000     
   0.0000000000000000     
   0.0000000000000000     
   0.0000000000000000     
   0.0000000000000000     
   0.0000000000000000     
   0.0000000000000000     
   0.0000000000000000     
   0.0000000000000000     
   0.0000000000000000     
   0.0000000000000000     
   0.0000000000000000     
   0.0000000000000000     
   0.0000000000000000     
   0.0000000000000000     
   0.0000000000000000     
   0.0000000000000000     
   0.0000000000000000     
   0.0000000000000000     
   0.0000000000000000     
   0.0000000000000000     
   0.0000000000000000     
   0.0000000000000000     
   0.0000000000000000     
   0.0000000000000000     
   0.0000000000000000     
   0.0000000000000000     
   0.0000000000000000     
   0.0000000000000000     
   0.0000000000000000     
   0.0000000000000000     
  -2.3084655342729449E-017
   0.0000000000000000     
   0.0000000000000000     
   0.0000000000000000     
   0.0000000000000000     
   0.0000000000000000     
  -2.0729562104263389E-017
   0.0000000000000000     
   0.0000000000000000     
   0.0000000000000000     
   0.0000000000000000     
  -3.4954465714061482E-024
  -2.1943814671255010E-023
  -2.0744738015061800E-022
  -2.2386201489682434E-021
  -2.3244287330602710E-020
  -2.2126711879957042E-019
  -1.7302112996836891E-018
  -9.0090380222981214E-018
  -2.5730749286944263E-017
  -3.8241996961154400E-017
  -3.4189873225851675E-017
  -2.2775043051105318E-017
  -1.3506544278004615E-017
  -8.4966361935769822E-018
  -2.2673402068692340E-003
   0.0000000000000000     
   0.0000000000000000     
  -2.5043952310925817E-003
   0.0000000000000000     
   0.0000000000000000     
  -8.8757108366885372E-004
   0.0000000000000000     
   0.0000000000000000     
   1.1950282127540116E-003
   0.0000000000000000     
   0.0000000000000000     
   1.6793186909572159E-003
   0.0000000000000000     
   0.0000000000000000     
   1.3244210788258568E-003
   0.0000000000000000     
   0.0000000000000000     
   7.5154879013010825E-004
   0.0000000000000000     
   0.0000000000000000     
   3.6681233142444501E-004
   0.0000000000000000     
   0.0000000000000000     
   1.6615998210899827E-004
   0.0000000000000000     
   0.0000000000000000     
   7.2514914185154732E-005
   0.0000000000000000     
   0.0000000000000000     
   3.1062457699648427E-005
   0.0000000000000000     
   0.0000000000000000     
  -7.9967587593795893E-017
  -1.3327931976274578E-017
  -3.9983795928823737E-017
   0.0000000000000000     
   0.0000000000000000     
   0.0000000000000000     
  -7.1809304671497764E-017
  -1.1968218261079531E-017
  -3.5904654783238596E-017
   0.0000000000000000     
   0.0000000000000000     
   0.0000000000000000     
   1.6317374474984030E-003
   0.0000000000000000     
   0.0000000000000000     
   0.0000000000000000     
   0.0000000000000000     
   0.0000000000000000     
   0.0000000000000000     
   0.0000000000000000     
   0.0000000000000000     
   0.0000000000000000     
   0.0000000000000000     
   0.0000000000000000     
   0.0000000000000000     
   0.0000000000000000     
   0.0000000000000000     
   0.0000000000000000     
   0.0000000000000000     
   0.0000000000000000     
   0.0000000000000000     
   0.0000000000000000     
   0.0000000000000000     
  -1.4519137434431950E-003
   0.0000000000000000     
   0.0000000000000000     
  -2.0192267819691035E-003
   0.0000000000000000     
   0.0000000000000000     
  -1.9022446322097231E-003
   0.0000000000000000     
   0.0000000000000000     
  -1.0454579304572304E-003
   0.0000000000000000     
   0.0000000000000000     
  -3.8969823925878895E-004
   0.0000000000000000     
   0.0000000000000000     
  -1.4892711293211465E-004
   0.0000000000000000     
   0.0000000000000000     
  -3.7983572716829655E-005
   0.0000000000000000     
   0.0000000000000000     
  -8.8234875637098274E-006
   0.0000000000000000     
   0.0000000000000000     
  -1.9515093569778923E-006
   0.0000000000000000     
   0.0000000000000000     
  -4.2089366356147014E-007
   0.0000000000000000     
   0.0000000000000000     
  -8.9627442754157506E-008
   0.0000000000000000     
   0.0000000000000000     
   0.0000000000000000     
   0.0000000000000000     
  -2.3084655342729449E-017
   0.0000000000000000     
   0.0000000000000000     
   0.0000000000000000     
   0.0000000000000000     
   0.0000000000000000     
  -2.0729562104263389E-017
   0.0000000000000000     
   0.0000000000000000     
   0.0000000000000000     
  -1.6317376016510431E-003
   0.0000000000000000     
   1.2162253421287676E-003
   0.0000000000000000     
   0.0000000000000000     
   0.0000000000000000     
   0.0000000000000000     
   0.0000000000000000     
   0.0000000000000000     
   0.0000000000000000     
   0.0000000000000000     
   0.0000000000000000     
   0.0000000000000000     
   0.0000000000000000     
   0.0000000000000000     
   0.0000000000000000     
   0.0000000000000000     
   0.0000000000000000     
   6.3648721473519938E-004
   0.0000000000000000     
   0.0000000000000000     
   1.5340582307010406E-003
   0.0000000000000000     
   0.0000000000000000     
   2.9169181299982085E-003
   0.0000000000000000     
   0.0000000000000000     
   3.2859441593151668E-003
   0.0000000000000000     
   0.0000000000000000     
   2.4587153064175556E-003
   0.0000000000000000     
   0.0000000000000000     
   1.6222754192897135E-003
   0.0000000000000000     
   0.0000000000000000     
   8.2751600344777693E-004
   0.0000000000000000     
   0.0000000000000000     
   3.8445934042770856E-004
   0.0000000000000000     
   0.0000000000000000     
   1.7006301634224792E-004
   0.0000000000000000     
   0.0000000000000000     
   7.3356708323787733E-005
   0.0000000000000000     
   0.0000000000000000     
   3.1241715511278849E-005
   0.0000000000000000     
   0.0000000000000000     
  -1.3327931976274578E-017
   0.0000000000000000     
   0.0000000000000000     
   0.0000000000000000     
   0.0000000000000000     
   0.0000000000000000     
  -1.1968218261079531E-017
   0.0000000000000000     
   0.0000000000000000     
   0.0000000000000000     
   0.0000000000000000     
   0.0000000000000000     
   1.6317375245747192E-003
   0.0000000000000000     
   0.0000000000000000     
   0.0000000000000000     
   0.0000000000000000     
   3.6486761987342062E-003
   0.0000000000000000     
   0.0000000000000000     
   0.0000000000000000     
   0.0000000000000000     
   0.0000000000000000     
   0.0000000000000000     
   0.0000000000000000     
   0.0000000000000000     
   0.0000000000000000     
   0.0000000000000000     
   0.0000000000000000     
   0.0000000000000000     
   0.0000000000000000     
   0.0000000000000000     
   0.0000000000000000     
   0.0000000000000000     
   0.0000000000000000     
  -4.3557412303295833E-003
   0.0000000000000000     
   0.0000000000000000     
  -6.0576803459073108E-003
   0.0000000000000000     
   0.0000000000000000     
  -5.7067338966291705E-003
   0.0000000000000000     
   0.0000000000000000     
  -3.1363737913716917E-003
   0.0000000000000000     
   0.0000000000000000     
  -1.1690947177763669E-003
   0.0000000000000000     
   0.0000000000000000     
  -4.4678133879634389E-004
   0.0000000000000000     
   0.0000000000000000     
  -1.1395071815048895E-004
   0.0000000000000000     
   0.0000000000000000     
  -2.6470462691129485E-005
   0.0000000000000000     
   0.0000000000000000     
  -5.8545280709336759E-006
   0.0000000000000000     
   0.0000000000000000     
  -1.2626809906844101E-006
   0.0000000000000000     
   0.0000000000000000     
  -2.6888232826247257E-007
   0.0000000000000000     
   0.0000000000000000     
   0.0000000000000000     
   0.0000000000000000     
  -6.9253966028188354E-017
   0.0000000000000000     
   0.0000000000000000     
   0.0000000000000000     
   0.0000000000000000     
   0.0000000000000000     
  -6.2188686312790168E-017
   0.0000000000000000     
   0.0000000000000000     
   0.0000000000000000     
  -8.1586880082552167E-003
   0.0000000000000000     
   3.6486760263863020E-003
   0.0000000000000000     
  -3.6486761987342044E-003
   0.0000000000000000     
   0.0000000000000000     
   0.0000000000000000     
   0.0000000000000000     
   0.0000000000000000     
   0.0000000000000000     
   0.0000000000000000     
   0.0000000000000000     
   0.0000000000000000     
   0.0000000000000000     
   0.0000000000000000     
   0.0000000000000000     
   0.0000000000000000     
   0.0000000000000000     
   0.0000000000000000     
   0.0000000000000000     
   0.0000000000000000     
   0.0000000000000000     
   0.0000000000000000     
   0.0000000000000000     
   0.0000000000000000     
   0.0000000000000000     
   0.0000000000000000     
   0.0000000000000000     
   0.0000000000000000     
   0.0000000000000000     
   0.0000000000000000     
   0.0000000000000000     
   0.0000000000000000     
   0.0000000000000000     
   0.0000000000000000     
   0.0000000000000000     
   0.0000000000000000     
   0.0000000000000000     
   0.0000000000000000     
   0.0000000000000000     
   0.0000000000000000     
   0.0000000000000000     
   0.0000000000000000     
   0.0000000000000000     
   0.0000000000000000     
   0.0000000000000000     
   0.0000000000000000     
   0.0000000000000000     
   0.0000000000000000     
   0.0000000000000000     
   0.0000000000000000     
   0.0000000000000000     
   0.0000000000000000     
   0.0000000000000000     
   0.0000000000000000     
   0.0000000000000000     
   0.0000000000000000     
   0.0000000000000000     
   0.0000000000000000     
   0.0000000000000000     
   0.0000000000000000     
   0.0000000000000000     
   0.0000000000000000     
   0.0000000000000000     
   0.0000000000000000     
   0.0000000000000000     
   0.0000000000000000     
   0.0000000000000000     
   0.0000000000000000     
   0.0000000000000000     
   0.0000000000000000     
   0.0000000000000000     
   0.0000000000000000     
   0.0000000000000000     
   0.0000000000000000     
   0.0000000000000000     
   0.0000000000000000     
   0.0000000000000000     
   0.0000000000000000     
   0.0000000000000000     
   0.0000000000000000     
   0.0000000000000000     
   0.0000000000000000     
   0.0000000000000000     
   0.0000000000000000     
   0.0000000000000000     
   0.0000000000000000     
   0.0000000000000000     
  -2.5147883718511380E-003
   0.0000000000000000     
   0.0000000000000000     
  -3.4974033783742925E-003
   0.0000000000000000     
   0.0000000000000000     
  -3.2947843514124133E-003
   0.0000000000000000     
   0.0000000000000000     
  -1.8107862527277333E-003
   0.0000000000000000     
   0.0000000000000000     
  -6.7497715001635502E-004
   0.0000000000000000     
   0.0000000000000000     
  -2.5794932622297061E-004
   0.0000000000000000     
   0.0000000000000000     
  -6.5789477798535996E-005
   0.0000000000000000     
   0.0000000000000000     
  -1.5282728760297555E-005
   0.0000000000000000     
   0.0000000000000000     
  -3.3801133577317794E-006
   0.0000000000000000     
   0.0000000000000000     
  -7.2900920987226773E-007
   0.0000000000000000     
   0.0000000000000000     
  -1.5523928460267189E-007
   0.0000000000000000     
   0.0000000000000000     
   0.0000000000000000     
   0.0000000000000000     
  -3.9983795928823737E-017
   0.0000000000000000     
   0.0000000000000000     
   0.0000000000000000     
   0.0000000000000000     
   0.0000000000000000     
  -3.5904654783238602E-017
   0.0000000000000000     
   0.0000000000000000     
   0.0000000000000000     
  -2.8262524306801929E-003
   0.0000000000000000     
   2.1065640860198661E-003
   0.0000000000000000     
   0.0000000000000000     
   0.0000000000000000     
   0.0000000000000000     
  -6.3196925565749216E-003
   0.0000000000000000     
