  -1.6766455138499863E-009
  -2.0422161928101627E-009
  -3.2756739705258795E-009
  -1.8658906767325458E-009
  -4.0231027435320750E-009
  -7.4474334757957710E-009
  -1.2843449534622307E-009
  -3.4070449683375302E-009
  -9.1463908499025757E-009
  -1.7885590861960997E-008
  -7.5625160077862546E-010
  -2.2361248291946352E-009
  -7.5863014292920216E-009
  -2.1965346532573381E-008
  -4.3007435690501727E-008
  -4.1286199768970045E-010
  -1.2837263673178967E-009
  -4.9114478377639421E-009
  -1.8184648856018872E-008
  -5.2814298167903127E-008
  -1.0379894394973782E-007
  -2.1735076573846074E-010
  -6.9078266488120802E-010
  -2.7923735762360145E-009
  -1.1722187011754217E-008
  -4.3569092664877467E-008
  -1.2745407911939686E-007
  -2.5194916019812625E-007
  -1.1312768813227261E-010
  -3.6285787430684702E-010
  -1.5017818535139136E-009
  -6.6721173426078098E-009
  -2.8084392774234999E-008
  -1.0505184462091386E-007
  -3.0938609365964534E-007
  -6.0962345874129711E-007
  -5.8570467185662914E-011
  -1.8858495194552757E-010
  -7.8828143023009234E-010
  -3.5886300419008623E-009
  -1.5981664360928431E-008
  -6.7702733303320386E-008
  -2.5535343695822872E-007
  -7.4860700038102729E-007
  -1.4742772959555264E-006
  -3.0120482952575670E-011
  -9.7136429983423760E-011
  -4.0771477401356381E-010
  -1.8753250195383568E-009
  -8.5576653705881148E-009
  -3.8366811050169091E-008
  -1.6412581102745130E-007
  -6.1659401669357096E-007
  -1.8101733182187272E-006
  -3.5862196545501763E-006
  -1.5572716475071518E-011
  -5.0253662050546702E-011
  -2.1129044470648687E-010
  -9.7597969989705208E-010
  -4.4990325022682185E-009
  -2.0662815713961909E-008
  -9.3525206418636550E-008
  -3.9785034607059270E-007
  -1.4926271688699412E-006
  -4.4040199764781155E-006
  -8.6502675056168333E-006
  -8.0363672848863719E-012
  -2.5940642238394175E-011
  -1.0914392201642902E-010
  -5.0504134833052439E-010
  -2.3380004354849673E-009
  -1.0847630212298368E-008
  -5.0311305502431543E-008
  -2.2647738041596594E-007
  -9.6250120187587030E-007
  -3.6399445349257046E-006
  -1.0622501867217471E-005
  -2.0905780171026849E-005
  -4.2782556824625916E-012
  -1.3811310679514169E-011
  -5.8126861473349241E-011
  -2.6916105882917981E-010
  -1.2481597970208667E-009
  -5.8149592618420125E-009
  -2.7239526612693469E-008
  -1.2555007006134493E-007
  -5.6364775727645198E-007
  -2.4078720011670076E-006
  -8.9127028823487111E-006
  -2.5680215603898567E-005
  -4.8460603923294721E-005
  -2.5833203746069379E-012
  -8.3399600248454375E-012
  -3.5103604067320456E-011
  -1.6259288203741289E-010
  -7.5445758935636799E-010
  -3.5202760021352536E-009
  -1.6551826403625846E-008
  -7.6972416745922793E-008
  -3.5294878535363682E-007
  -1.5841303255441128E-006
  -6.5248423023610115E-006
  -2.3112742106983085E-005
  -5.9043400119168115E-005
  -9.4957590597837257E-005
  -0.0000000000000000     
  -0.0000000000000000     
  -0.0000000000000000     
  -0.0000000000000000     
  -0.0000000000000000     
  -0.0000000000000000     
  -0.0000000000000000     
  -0.0000000000000000     
  -0.0000000000000000     
  -0.0000000000000000     
  -0.0000000000000000     
  -0.0000000000000000     
  -0.0000000000000000     
  -0.0000000000000000     
  -5.1767772607961519E-007
  -0.0000000000000000     
  -0.0000000000000000     
  -0.0000000000000000     
  -0.0000000000000000     
  -0.0000000000000000     
  -0.0000000000000000     
  -0.0000000000000000     
  -0.0000000000000000     
  -0.0000000000000000     
  -0.0000000000000000     
  -0.0000000000000000     
  -0.0000000000000000     
  -0.0000000000000000     
  -0.0000000000000000     
  -0.0000000000000000     
  -5.1767776895806051E-007
  -0.0000000000000000     
  -0.0000000000000000     
  -0.0000000000000000     
  -0.0000000000000000     
  -0.0000000000000000     
  -0.0000000000000000     
  -0.0000000000000000     
  -0.0000000000000000     
  -0.0000000000000000     
  -0.0000000000000000     
  -0.0000000000000000     
  -0.0000000000000000     
  -0.0000000000000000     
  -0.0000000000000000     
  -0.0000000000000000     
  -0.0000000000000000     
  -1.5530333068741813E-006
  -0.0000000000000000     
  -0.0000000000000000     
  -0.0000000000000000     
  -0.0000000000000000     
  -0.0000000000000000     
  -0.0000000000000000     
  -0.0000000000000000     
  -0.0000000000000000     
  -0.0000000000000000     
  -0.0000000000000000     
  -0.0000000000000000     
  -0.0000000000000000     
  -0.0000000000000000     
  -0.0000000000000000     
  -5.9802975147522748E-007
  -0.0000000000000000     
  -0.0000000000000000     
  -8.9715467668158452E-007
  -0.0000000000000000     
  -0.0000000000000000     
  -0.0000000000000000     
  -0.0000000000000000     
  -0.0000000000000000     
  -0.0000000000000000     
  -0.0000000000000000     
  -0.0000000000000000     
  -0.0000000000000000     
  -0.0000000000000000     
  -0.0000000000000000     
  -0.0000000000000000     
  -0.0000000000000000     
  -0.0000000000000000     
  -0.0000000000000000     
  -5.9802981429475855E-007
  -0.0000000000000000     
  -0.0000000000000000     
  -8.9715480546347305E-007
  -0.0000000000000000     
  -0.0000000000000000     
  -0.0000000000000000     
  -0.0000000000000000     
  -0.0000000000000000     
  -0.0000000000000000     
  -0.0000000000000000     
  -0.0000000000000000     
  -0.0000000000000000     
  -0.0000000000000000     
  -0.0000000000000000     
  -0.0000000000000000     
  -0.0000000000000000     
  -0.0000000000000000     
  -0.0000000000000000     
  -0.0000000000000000     
  -1.7940894428842756E-006
  -0.0000000000000000     
  -0.0000000000000000     
  -2.6914644163904187E-006
  -0.0000000000000000     
  -0.0000000000000000     
  -0.0000000000000000     
  -0.0000000000000000     
  -0.0000000000000000     
  -0.0000000000000000     
  -0.0000000000000000     
  -0.0000000000000000     
  -0.0000000000000000     
  -0.0000000000000000     
  -0.0000000000000000     
  -0.0000000000000000     
  -0.0000000000000000     
  -0.0000000000000000     
  -5.0780386571172894E-007
  -0.0000000000000000     
  -0.0000000000000000     
  -1.0316213979272715E-006
  -0.0000000000000000     
  -0.0000000000000000     
  -1.8107911833574233E-006
  -0.0000000000000000     
  -0.0000000000000000     
  -0.0000000000000000     
  -0.0000000000000000     
  -0.0000000000000000     
  -0.0000000000000000     
  -0.0000000000000000     
  -0.0000000000000000     
  -0.0000000000000000     
  -0.0000000000000000     
  -0.0000000000000000     
  -0.0000000000000000     
  -0.0000000000000000     
  -0.0000000000000000     
  -0.0000000000000000     
  -5.0780393113067273E-007
  -0.0000000000000000     
  -0.0000000000000000     
  -1.0316215959733502E-006
  -0.0000000000000000     
  -0.0000000000000000     
  -1.8107917079921566E-006
  -0.0000000000000000     
  -0.0000000000000000     
  -0.0000000000000000     
  -0.0000000000000000     
  -0.0000000000000000     
  -0.0000000000000000     
  -0.0000000000000000     
  -0.0000000000000000     
  -0.0000000000000000     
  -0.0000000000000000     
  -0.0000000000000000     
  -0.0000000000000000     
  -0.0000000000000000     
  -0.0000000000000000     
  -0.0000000000000000     
  -0.0000000000000000     
  -1.5234117933920185E-006
  -0.0000000000000000     
  -0.0000000000000000     
  -3.0948647879200498E-006
  -0.0000000000000000     
  -0.0000000000000000     
  -5.4323751239764693E-006
  -0.0000000000000000     
  -0.0000000000000000     
  -0.0000000000000000     
  -0.0000000000000000     
  -0.0000000000000000     
  -0.0000000000000000     
  -0.0000000000000000     
  -0.0000000000000000     
  -0.0000000000000000     
  -0.0000000000000000     
  -0.0000000000000000     
  -0.0000000000000000     
  -0.0000000000000000     
  -0.0000000000000000     
  -3.1609462881022187E-007
  -0.0000000000000000     
  -0.0000000000000000     
  -8.0635208486876078E-007
  -0.0000000000000000     
  -0.0000000000000000     
  -2.0791029227471054E-006
  -0.0000000000000000     
  -0.0000000000000000     
  -3.7116238019011215E-006
  -0.0000000000000000     
  -0.0000000000000000     
  -0.0000000000000000     
  -0.0000000000000000     
  -0.0000000000000000     
  -0.0000000000000000     
  -0.0000000000000000     
  -0.0000000000000000     
  -0.0000000000000000     
  -0.0000000000000000     
  -0.0000000000000000     
  -0.0000000000000000     
  -0.0000000000000000     
  -0.0000000000000000     
  -0.0000000000000000     
  -3.1609467476408580E-007
  -0.0000000000000000     
  -0.0000000000000000     
  -8.0635227130072920E-007
  -0.0000000000000000     
  -0.0000000000000000     
  -2.0791037324574242E-006
  -0.0000000000000000     
  -0.0000000000000000     
  -3.7116260060885940E-006
  -0.0000000000000000     
  -0.0000000000000000     
  -0.0000000000000000     
  -0.0000000000000000     
  -0.0000000000000000     
  -0.0000000000000000     
  -0.0000000000000000     
  -0.0000000000000000     
  -0.0000000000000000     
  -0.0000000000000000     
  -0.0000000000000000     
  -0.0000000000000000     
  -0.0000000000000000     
  -0.0000000000000000     
  -0.0000000000000000     
  -0.0000000000000000     
  -9.4828402429225734E-007
  -0.0000000000000000     
  -0.0000000000000000     
  -2.4190568139021873E-006
  -0.0000000000000000     
  -0.0000000000000000     
  -6.2373111973722738E-006
  -0.0000000000000000     
  -0.0000000000000000     
  -1.1134878018265785E-005
  -0.0000000000000000     
  -0.0000000000000000     
  -0.0000000000000000     
  -0.0000000000000000     
  -0.0000000000000000     
  -0.0000000000000000     
  -0.0000000000000000     
  -0.0000000000000000     
  -0.0000000000000000     
  -0.0000000000000000     
  -0.0000000000000000     
  -0.0000000000000000     
  -0.0000000000000000     
  -0.0000000000000000     
  -1.6515593562449535E-007
  -0.0000000000000000     
  -0.0000000000000000     
  -4.8360801481329369E-007
  -0.0000000000000000     
  -0.0000000000000000     
  -1.6325733207412098E-006
  -0.0000000000000000     
  -0.0000000000000000     
  -4.2699874961441431E-006
  -0.0000000000000000     
  -0.0000000000000000     
  -7.4505753319529009E-006
  -0.0000000000000000     
  -0.0000000000000000     
  -0.0000000000000000     
  -0.0000000000000000     
  -0.0000000000000000     
  -0.0000000000000000     
  -0.0000000000000000     
  -0.0000000000000000     
  -0.0000000000000000     
  -0.0000000000000000     
  -0.0000000000000000     
  -0.0000000000000000     
  -0.0000000000000000     
  -0.0000000000000000     
  -0.0000000000000000     
  -1.6515596120626030E-007
  -0.0000000000000000     
  -0.0000000000000000     
  -4.8360813873074940E-007
  -0.0000000000000000     
  -0.0000000000000000     
  -1.6325740817791165E-006
  -0.0000000000000000     
  -0.0000000000000000     
  -4.2699908813215820E-006
  -0.0000000000000000     
  -0.0000000000000000     
  -7.4505842137510155E-006
  -0.0000000000000000     
  -0.0000000000000000     
  -0.0000000000000000     
  -0.0000000000000000     
  -0.0000000000000000     
  -0.0000000000000000     
  -0.0000000000000000     
  -0.0000000000000000     
  -0.0000000000000000     
  -0.0000000000000000     
  -0.0000000000000000     
  -0.0000000000000000     
  -0.0000000000000000     
  -0.0000000000000000     
  -0.0000000000000000     
  -0.0000000000000000     
  -4.9546788361878089E-007
  -0.0000000000000000     
  -0.0000000000000000     
  -1.4508244161922481E-006
  -0.0000000000000000     
  -0.0000000000000000     
  -4.8977222453373502E-006
  -0.0000000000000000     
  -0.0000000000000000     
  -1.2809972643964744E-005
  -0.0000000000000000     
  -0.0000000000000000     
  -2.2351752641253042E-005
  -0.0000000000000000     
  -0.0000000000000000     
  -0.0000000000000000     
  -0.0000000000000000     
  -0.0000000000000000     
  -0.0000000000000000     
  -0.0000000000000000     
  -0.0000000000000000     
  -0.0000000000000000     
  -0.0000000000000000     
  -0.0000000000000000     
  -0.0000000000000000     
  -0.0000000000000000     
  -0.0000000000000000     
  -9.1952573541340930E-008
  -0.0000000000000000     
  -0.0000000000000000     
  -2.8732613550594276E-007
  -0.0000000000000000     
  -0.0000000000000000     
  -1.1140761447766590E-006
  -0.0000000000000000     
  -0.0000000000000000     
  -3.6566383588333177E-006
  -0.0000000000000000     
  -0.0000000000000000     
  -8.6059792491886849E-006
  -0.0000000000000000     
  -0.0000000000000000     
  -1.2863535697135592E-005
  -0.0000000000000000     
  -0.0000000000000000     
  -0.0000000000000000     
  -0.0000000000000000     
  -0.0000000000000000     
  -0.0000000000000000     
  -0.0000000000000000     
  -0.0000000000000000     
  -0.0000000000000000     
  -0.0000000000000000     
  -0.0000000000000000     
  -0.0000000000000000     
  -0.0000000000000000     
  -0.0000000000000000     
  -0.0000000000000000     
  -9.1952588184621264E-008
  -0.0000000000000000     
  -0.0000000000000000     
  -2.8732621261632567E-007
  -0.0000000000000000     
  -0.0000000000000000     
  -1.1140767106717715E-006
  -0.0000000000000000     
  -0.0000000000000000     
  -3.6566417293740565E-006
  -0.0000000000000000     
  -0.0000000000000000     
  -8.6059922420336525E-006
  -0.0000000000000000     
  -0.0000000000000000     
  -1.2863562172559920E-005
  -0.0000000000000000     
  -0.0000000000000000     
  -0.0000000000000000     
  -0.0000000000000000     
  -0.0000000000000000     
  -0.0000000000000000     
  -0.0000000000000000     
  -0.0000000000000000     
  -0.0000000000000000     
  -0.0000000000000000     
  -0.0000000000000000     
  -0.0000000000000000     
  -0.0000000000000000     
  -0.0000000000000000     
  -0.0000000000000000     
  -0.0000000000000000     
  -2.7585776455386375E-007
  -0.0000000000000000     
  -0.0000000000000000     
  -8.6197863784897707E-007
  -0.0000000000000000     
  -0.0000000000000000     
  -3.3422301320153148E-006
  -0.0000000000000000     
  -0.0000000000000000     
  -1.0969925188122167E-005
  -0.0000000000000000     
  -0.0000000000000000     
  -2.5817976726100956E-005
  -0.0000000000000000     
  -0.0000000000000000     
  -3.8590686517679756E-005
  -0.0000000000000000     
  -0.0000000000000000     
  -0.0000000000000000     
  -0.0000000000000000     
  -0.0000000000000000     
  -0.0000000000000000     
  -0.0000000000000000     
  -0.0000000000000000     
  -0.0000000000000000     
  -0.0000000000000000     
  -0.0000000000000000     
  -0.0000000000000000     
  -0.0000000000000000     
  -0.0000000000000000     
  -4.1396825926233337E-008
  -0.0000000000000000     
  -0.0000000000000000     
  -1.3566374012713200E-007
  -0.0000000000000000     
  -0.0000000000000000     
  -5.8536934261921973E-007
  -0.0000000000000000     
  -0.0000000000000000     
  -2.3296257390830431E-006
  -0.0000000000000000     
  -0.0000000000000000     
  -7.3527556704589687E-006
  -0.0000000000000000     
  -0.0000000000000000     
  -1.4803281325579079E-005
  -0.0000000000000000     
  -0.0000000000000000     
  -2.5726991968120805E-005
  -0.0000000000000000     
  -0.0000000000000000     
  -0.0000000000000000     
  -0.0000000000000000     
  -0.0000000000000000     
  -0.0000000000000000     
  -0.0000000000000000     
  -0.0000000000000000     
  -0.0000000000000000     
  -0.0000000000000000     
  -0.0000000000000000     
  -0.0000000000000000     
  -0.0000000000000000     
  -0.0000000000000000     
  -0.0000000000000000     
  -4.1396832648636843E-008
  -0.0000000000000000     
  -0.0000000000000000     
  -1.3566377776237328E-007
  -0.0000000000000000     
  -0.0000000000000000     
  -5.8536965950952006E-007
  -0.0000000000000000     
  -0.0000000000000000     
  -2.3296281571751428E-006
  -0.0000000000000000     
  -0.0000000000000000     
  -7.3527692641189484E-006
  -0.0000000000000000     
  -0.0000000000000000     
  -1.4803321949290698E-005
  -0.0000000000000000     
  -0.0000000000000000     
  -2.5727097869709135E-005
  -0.0000000000000000     
  -0.0000000000000000     
  -0.0000000000000000     
  -0.0000000000000000     
  -0.0000000000000000     
  -0.0000000000000000     
  -0.0000000000000000     
  -0.0000000000000000     
  -0.0000000000000000     
  -0.0000000000000000     
  -0.0000000000000000     
  -0.0000000000000000     
  -0.0000000000000000     
  -0.0000000000000000     
  -0.0000000000000000     
  -0.0000000000000000     
  -1.2419049794591052E-007
  -0.0000000000000000     
  -0.0000000000000000     
  -4.0699133328711996E-007
  -0.0000000000000000     
  -0.0000000000000000     
  -1.7561089785285604E-006
  -0.0000000000000000     
  -0.0000000000000000     
  -6.9888844715254283E-006
  -0.0000000000000000     
  -0.0000000000000000     
  -2.2058307792356843E-005
  -0.0000000000000000     
  -0.0000000000000000     
  -4.4409965847872087E-005
  -0.0000000000000000     
  -0.0000000000000000     
  -7.7181293609127427E-005
  -0.0000000000000000     
  -0.0000000000000000     
  -0.0000000000000000     
  -0.0000000000000000     
  -0.0000000000000000     
  -0.0000000000000000     
  -0.0000000000000000     
  -0.0000000000000000     
  -0.0000000000000000     
  -0.0000000000000000     
  -0.0000000000000000     
  -0.0000000000000000     
  -0.0000000000000000     
  -0.0000000000000000     
  -1.8019603175382815E-008
  -0.0000000000000000     
  -0.0000000000000000     
  -6.0534728622555080E-008
  -0.0000000000000000     
  -0.0000000000000000     
  -2.7666756450178698E-007
  -0.0000000000000000     
  -0.0000000000000000     
  -1.2301966838723146E-006
  -0.0000000000000000     
  -0.0000000000000000     
  -4.6903096581959533E-006
  -0.0000000000000000     
  -0.0000000000000000     
  -1.1781606177530537E-005
  -0.0000000000000000     
  -0.0000000000000000     
  -2.9606440778366908E-005
  -0.0000000000000000     
  -0.0000000000000000     
  -5.1453666272230764E-005
  -0.0000000000000000     
  -0.0000000000000000     
  -0.0000000000000000     
  -0.0000000000000000     
  -0.0000000000000000     
  -0.0000000000000000     
  -0.0000000000000000     
  -0.0000000000000000     
  -0.0000000000000000     
  -0.0000000000000000     
  -0.0000000000000000     
  -0.0000000000000000     
  -0.0000000000000000     
  -0.0000000000000000     
  -0.0000000000000000     
  -1.8019606130721343E-008
  -0.0000000000000000     
  -0.0000000000000000     
  -6.0534745703623752E-008
  -0.0000000000000000     
  -0.0000000000000000     
  -2.7666771936776592E-007
  -0.0000000000000000     
  -0.0000000000000000     
  -1.2301980466973510E-006
  -0.0000000000000000     
  -0.0000000000000000     
  -4.6903194263684972E-006
  -0.0000000000000000     
  -0.0000000000000000     
  -1.1781644975374666E-005
  -0.0000000000000000     
  -0.0000000000000000     
  -2.9606603272990456E-005
  -0.0000000000000000     
  -0.0000000000000000     
  -5.1454089877712903E-005
  -0.0000000000000000     
  -0.0000000000000000     
  -0.0000000000000000     
  -0.0000000000000000     
  -0.0000000000000000     
  -0.0000000000000000     
  -0.0000000000000000     
  -0.0000000000000000     
  -0.0000000000000000     
  -0.0000000000000000     
  -0.0000000000000000     
  -0.0000000000000000     
  -0.0000000000000000     
  -0.0000000000000000     
  -0.0000000000000000     
  -0.0000000000000000     
  -5.4058818392164022E-008
  -0.0000000000000000     
  -0.0000000000000000     
  -1.8160423711087124E-007
  -0.0000000000000000     
  -0.0000000000000000     
  -8.3000315810329759E-007
  -0.0000000000000000     
  -0.0000000000000000     
  -3.6905941400920532E-006
  -0.0000000000000000     
  -0.0000000000000000     
  -1.4070958279105491E-005
  -0.0000000000000000     
  -0.0000000000000000     
  -3.5344934926123992E-005
  -0.0000000000000000     
  -0.0000000000000000     
  -8.8819809818971380E-005
  -0.0000000000000000     
  -0.0000000000000000     
  -1.5436226963313866E-004
  -0.0000000000000000     
  -0.0000000000000000     
  -0.0000000000000000     
  -0.0000000000000000     
  -0.0000000000000000     
  -0.0000000000000000     
  -0.0000000000000000     
  -0.0000000000000000     
  -0.0000000000000000     
  -0.0000000000000000     
  -0.0000000000000000     
  -0.0000000000000000     
  -0.0000000000000000     
  -0.0000000000000000     
  -7.7098678608918603E-009
  -0.0000000000000000     
  -0.0000000000000000     
  -2.6229965807681315E-008
  -0.0000000000000000     
  -0.0000000000000000     
  -1.2351799219991638E-007
  -0.0000000000000000     
  -0.0000000000000000     
  -5.8304440105855474E-007
  -0.0000000000000000     
  -0.0000000000000000     
  -2.4786708202123288E-006
  -0.0000000000000000     
  -0.0000000000000000     
  -7.1625552665793934E-006
  -0.0000000000000000     
  -0.0000000000000000     
  -2.3563095981852015E-005
  -0.0000000000000000     
  -0.0000000000000000     
  -5.9212394132083993E-005
  -0.0000000000000000     
  -0.0000000000000000     
  -1.0290606157677244E-004
  -0.0000000000000000     
  -0.0000000000000000     
  -0.0000000000000000     
  -0.0000000000000000     
  -0.0000000000000000     
  -0.0000000000000000     
  -0.0000000000000000     
  -0.0000000000000000     
  -0.0000000000000000     
  -0.0000000000000000     
  -0.0000000000000000     
  -0.0000000000000000     
  -0.0000000000000000     
  -0.0000000000000000     
  -0.0000000000000000     
  -7.7098691316921138E-009
  -0.0000000000000000     
  -0.0000000000000000     
  -2.6229973272950708E-008
  -0.0000000000000000     
  -0.0000000000000000     
  -1.2351806253525253E-007
  -0.0000000000000000     
  -0.0000000000000000     
  -5.8304506944634918E-007
  -0.0000000000000000     
  -0.0000000000000000     
  -2.4786763308715702E-006
  -0.0000000000000000     
  -0.0000000000000000     
  -7.1625814742684724E-006
  -0.0000000000000000     
  -0.0000000000000000     
  -2.3563251172973077E-005
  -0.0000000000000000     
  -0.0000000000000000     
  -5.9213044108795111E-005
  -0.0000000000000000     
  -0.0000000000000000     
  -1.0290775599172089E-004
  -0.0000000000000000     
  -0.0000000000000000     
  -0.0000000000000000     
  -0.0000000000000000     
  -0.0000000000000000     
  -0.0000000000000000     
  -0.0000000000000000     
  -0.0000000000000000     
  -0.0000000000000000     
  -0.0000000000000000     
  -0.0000000000000000     
  -0.0000000000000000     
  -0.0000000000000000     
  -0.0000000000000000     
  -0.0000000000000000     
  -0.0000000000000000     
  -2.3129607395076340E-008
  -0.0000000000000000     
  -0.0000000000000000     
  -7.8689919818852117E-008
  -0.0000000000000000     
  -0.0000000000000000     
  -3.7055418760575761E-007
  -0.0000000000000000     
  -0.0000000000000000     
  -1.7491352083390469E-006
  -0.0000000000000000     
  -0.0000000000000000     
  -7.4360289926147085E-006
  -0.0000000000000000     
  -0.0000000000000000     
  -2.1487744422805418E-005
  -0.0000000000000000     
  -0.0000000000000000     
  -7.0689753518919231E-005
  -0.0000000000000000     
  -0.0000000000000000     
  -1.7763913232638533E-004
  -0.0000000000000000     
  -0.0000000000000000     
  -3.0872326797516263E-004
  -0.0000000000000000     
  -0.0000000000000000     
  -0.0000000000000000     
  -0.0000000000000000     
  -0.0000000000000000     
  -0.0000000000000000     
  -0.0000000000000000     
  -0.0000000000000000     
  -0.0000000000000000     
  -0.0000000000000000     
  -0.0000000000000000     
  -0.0000000000000000     
  -0.0000000000000000     
  -0.0000000000000000     
  -3.2701547121528989E-009
  -0.0000000000000000     
  -0.0000000000000000     
  -1.1196776122753688E-008
  -0.0000000000000000     
  -0.0000000000000000     
  -5.3535509294927796E-008
  -0.0000000000000000     
  -0.0000000000000000     
  -2.6067805991264230E-007
  -0.0000000000000000     
  -0.0000000000000000     
  -1.1752428241933803E-006
  -0.0000000000000000     
  -0.0000000000000000     
  -3.6784333747019124E-006
  -0.0000000000000000     
  -0.0000000000000000     
  -1.4325031910307314E-005
  -0.0000000000000000     
  -0.0000000000000000     
  -4.7125726449103882E-005
  -0.0000000000000000     
  -0.0000000000000000     
  -1.1842283815175251E-004
  -0.0000000000000000     
  -0.0000000000000000     
  -2.0580703997147236E-004
  -0.0000000000000000     
  -0.0000000000000000     
  -0.0000000000000000     
  -0.0000000000000000     
  -0.0000000000000000     
  -0.0000000000000000     
  -0.0000000000000000     
  -0.0000000000000000     
  -0.0000000000000000     
  -0.0000000000000000     
  -0.0000000000000000     
  -0.0000000000000000     
  -0.0000000000000000     
  -0.0000000000000000     
  -0.0000000000000000     
  -3.2701552525175159E-009
  -0.0000000000000000     
  -0.0000000000000000     
  -1.1196779323281056E-008
  -0.0000000000000000     
  -0.0000000000000000     
  -5.3535540045732728E-008
  -0.0000000000000000     
  -0.0000000000000000     
  -2.6067836404118933E-007
  -0.0000000000000000     
  -0.0000000000000000     
  -1.1752455283109672E-006
  -0.0000000000000000     
  -0.0000000000000000     
  -3.6784476257666610E-006
  -0.0000000000000000     
  -0.0000000000000000     
  -1.4325136740871844E-005
  -0.0000000000000000     
  -0.0000000000000000     
  -4.7126347211545034E-005
  -0.0000000000000000     
  -0.0000000000000000     
  -1.1842543804432059E-004
  -0.0000000000000000     
  -0.0000000000000000     
  -2.0581381757546802E-004
  -0.0000000000000000     
  -0.0000000000000000     
  -0.0000000000000000     
  -0.0000000000000000     
  -0.0000000000000000     
  -0.0000000000000000     
  -0.0000000000000000     
  -0.0000000000000000     
  -0.0000000000000000     
  -0.0000000000000000     
  -0.0000000000000000     
  -0.0000000000000000     
  -0.0000000000000000     
  -0.0000000000000000     
  -0.0000000000000000     
  -0.0000000000000000     
  -9.8104657575525463E-009
  -0.0000000000000000     
  -0.0000000000000000     
  -3.3590337969843166E-008
  -0.0000000000000000     
  -0.0000000000000000     
  -1.6060662013719819E-007
  -0.0000000000000000     
  -0.0000000000000000     
  -7.8203509212356783E-007
  -0.0000000000000000     
  -0.0000000000000000     
  -3.5257365849329027E-006
  -0.0000000000000000     
  -0.0000000000000000     
  -1.1035342877299983E-005
  -0.0000000000000000     
  -0.0000000000000000     
  -4.2975410222615521E-005
  -0.0000000000000000     
  -0.0000000000000000     
  -1.4137904163463513E-004
  -0.0000000000000000     
  -0.0000000000000000     
  -3.5527631413296169E-004
  -0.0000000000000000     
  -0.0000000000000000     
  -6.1744145272640404E-004
  -0.0000000000000000     
  -0.0000000000000000     
  -0.0000000000000000     
  -0.0000000000000000     
  -0.0000000000000000     
  -0.0000000000000000     
  -0.0000000000000000     
  -0.0000000000000000     
  -0.0000000000000000     
  -0.0000000000000000     
  -0.0000000000000000     
  -0.0000000000000000     
  -0.0000000000000000     
  -0.0000000000000000     
  -1.3809845505381533E-009
  -0.0000000000000000     
  -0.0000000000000000     
  -4.7435950136921967E-009
  -0.0000000000000000     
  -0.0000000000000000     
  -2.2855844882823947E-008
  -0.0000000000000000     
  -0.0000000000000000     
  -1.1306807218333777E-007
  -0.0000000000000000     
  -0.0000000000000000     
  -5.2556463484316299E-007
  -0.0000000000000000     
  -0.0000000000000000     
  -1.7169306097537312E-006
  -0.0000000000000000     
  -0.0000000000000000     
  -7.3568239963338070E-006
  -0.0000000000000000     
  -0.0000000000000000     
  -2.8649749371863464E-005
  -0.0000000000000000     
  -0.0000000000000000     
  -9.4249590403435747E-005
  -0.0000000000000000     
  -0.0000000000000000     
  -2.3683787675422477E-004
  -0.0000000000000000     
  -0.0000000000000000     
  -4.1159374763313512E-004
  -0.0000000000000000     
  -0.0000000000000000     
  -0.0000000000000000     
  -0.0000000000000000     
  -0.0000000000000000     
  -0.0000000000000000     
  -0.0000000000000000     
  -0.0000000000000000     
  -0.0000000000000000     
  -0.0000000000000000     
  -0.0000000000000000     
  -0.0000000000000000     
  -0.0000000000000000     
  -0.0000000000000000     
  -0.0000000000000000     
  -1.3809847790204578E-009
  -0.0000000000000000     
  -0.0000000000000000     
  -4.7435963725675233E-009
  -0.0000000000000000     
  -0.0000000000000000     
  -2.2855858068724148E-008
  -0.0000000000000000     
  -0.0000000000000000     
  -1.1306820527670592E-007
  -0.0000000000000000     
  -0.0000000000000000     
  -5.2556586561421381E-007
  -0.0000000000000000     
  -0.0000000000000000     
  -1.7169374630923491E-006
  -0.0000000000000000     
  -0.0000000000000000     
  -7.3568810004823780E-006
  -0.0000000000000000     
  -0.0000000000000000     
  -2.8650168692588187E-005
  -0.0000000000000000     
  -0.0000000000000000     
  -9.4252073436837711E-005
  -0.0000000000000000     
  -0.0000000000000000     
  -2.3684827621034242E-004
  -0.0000000000000000     
  -0.0000000000000000     
  -4.1162085760273825E-004
  -0.0000000000000000     
  -0.0000000000000000     
  -0.0000000000000000     
  -0.0000000000000000     
  -0.0000000000000000     
  -0.0000000000000000     
  -0.0000000000000000     
  -0.0000000000000000     
  -0.0000000000000000     
  -0.0000000000000000     
  -0.0000000000000000     
  -0.0000000000000000     
  -0.0000000000000000     
  -0.0000000000000000     
  -0.0000000000000000     
  -0.0000000000000000     
  -4.1429543370613738E-009
  -0.0000000000000000     
  -0.0000000000000000     
  -1.4230789117702568E-008
  -0.0000000000000000     
  -0.0000000000000000     
  -6.8567574206172424E-008
  -0.0000000000000000     
  -0.0000000000000000     
  -3.3920461583011778E-007
  -0.0000000000000000     
  -0.0000000000000000     
  -1.5766975968426413E-006
  -0.0000000000000000     
  -0.0000000000000000     
  -5.1508123892770474E-006
  -0.0000000000000000     
  -0.0000000000000000     
  -2.2070643001447135E-005
  -0.0000000000000000     
  -0.0000000000000000     
  -8.5950506077764549E-005
  -0.0000000000000000     
  -0.0000000000000000     
  -2.8275622031051311E-004
  -0.0000000000000000     
  -0.0000000000000000     
  -7.1054482863102720E-004
  -0.0000000000000000     
  -0.0000000000000000     
  -1.2348625728082147E-003
  -7.2002799007904251E-014
  -4.5250856870364319E-013
  -4.2898122097659531E-012
  -4.6614336766512030E-011
  -4.9193708400339284E-010
  -4.8591508584050632E-009
  -4.1087253724952716E-008
  -2.4602468581820077E-007
  -8.5066059494590452E-007
  -1.5212374626508901E-006
  -1.5415288026314633E-006
  -1.0983005627684737E-006
  -6.7142036071096631E-007
  -4.2740627106246451E-007
  -0.0000000000000000     
  -0.0000000000000000     
  -0.0000000000000000     
  -0.0000000000000000     
  -0.0000000000000000     
  -0.0000000000000000     
  -0.0000000000000000     
  -0.0000000000000000     
  -0.0000000000000000     
  -0.0000000000000000     
  -0.0000000000000000     
  -0.0000000000000000     
  -0.0000000000000000     
  -0.0000000000000000     
  -0.0000000000000000     
  -0.0000000000000000     
  -0.0000000000000000     
  -0.0000000000000000     
  -0.0000000000000000     
  -0.0000000000000000     
  -0.0000000000000000     
  -0.0000000000000000     
  -0.0000000000000000     
  -0.0000000000000000     
  -0.0000000000000000     
  -0.0000000000000000     
  -0.0000000000000000     
  -0.0000000000000000     
  -0.0000000000000000     
  -0.0000000000000000     
  -0.0000000000000000     
  -0.0000000000000000     
  -0.0000000000000000     
  -1.5300668668484609E-006
  -7.2002799046493383E-014
  -4.5250856917695650E-013
  -4.2898122199398231E-012
  -4.6614337030221416E-011
  -4.9193709058852176E-010
  -4.8591510095513048E-009
  -4.1087256569210063E-008
  -2.4602472013841381E-007
  -8.5066079932970065E-007
  -1.5212379847341907E-006
  -1.5415294439591362E-006
  -1.0983010638472399E-006
  -6.7142067939130433E-007
  -4.2740647701148277E-007
  -0.0000000000000000     
  -0.0000000000000000     
  -0.0000000000000000     
  -0.0000000000000000     
  -0.0000000000000000     
  -0.0000000000000000     
  -0.0000000000000000     
  -0.0000000000000000     
  -0.0000000000000000     
  -0.0000000000000000     
  -0.0000000000000000     
  -0.0000000000000000     
  -0.0000000000000000     
  -0.0000000000000000     
  -0.0000000000000000     
  -0.0000000000000000     
  -0.0000000000000000     
  -0.0000000000000000     
  -0.0000000000000000     
  -0.0000000000000000     
  -0.0000000000000000     
  -0.0000000000000000     
  -0.0000000000000000     
  -0.0000000000000000     
  -0.0000000000000000     
  -0.0000000000000000     
  -0.0000000000000000     
  -0.0000000000000000     
  -0.0000000000000000     
  -0.0000000000000000     
  -0.0000000000000000     
  -0.0000000000000000     
  -0.0000000000000000     
  -5.1002241380852733E-007
  -1.5300676160027332E-006
  -2.1600839713948016E-013
  -1.3575257075308695E-012
  -1.2869436659819469E-011
  -1.3984301109066423E-010
  -1.4758112717655653E-009
  -1.4577453028653918E-008
  -1.2326176970763016E-007
  -7.3807416041524122E-007
  -2.5519823979891018E-006
  -4.5637139542025718E-006
  -4.6245883318774091E-006
  -3.2949031915417197E-006
  -2.0142620381739129E-006
  -1.2822194310344480E-006
  -0.0000000000000000     
  -0.0000000000000000     
  -0.0000000000000000     
  -0.0000000000000000     
  -0.0000000000000000     
  -0.0000000000000000     
  -0.0000000000000000     
  -0.0000000000000000     
  -0.0000000000000000     
  -0.0000000000000000     
  -0.0000000000000000     
  -0.0000000000000000     
  -0.0000000000000000     
  -0.0000000000000000     
  -0.0000000000000000     
  -0.0000000000000000     
  -0.0000000000000000     
  -0.0000000000000000     
  -0.0000000000000000     
  -0.0000000000000000     
  -0.0000000000000000     
  -0.0000000000000000     
  -0.0000000000000000     
  -0.0000000000000000     
  -0.0000000000000000     
  -0.0000000000000000     
  -0.0000000000000000     
  -0.0000000000000000     
  -0.0000000000000000     
  -0.0000000000000000     
  -0.0000000000000000     
  -0.0000000000000000     
  -0.0000000000000000     
  -1.5300672414255820E-006
  -1.5300676160027332E-006
  -7.6503380800136672E-006
  -0.0000000000000000     
  -0.0000000000000000     
  -0.0000000000000000     
  -0.0000000000000000     
  -0.0000000000000000     
  -0.0000000000000000     
  -0.0000000000000000     
  -0.0000000000000000     
  -0.0000000000000000     
  -0.0000000000000000     
  -0.0000000000000000     
  -0.0000000000000000     
  -0.0000000000000000     
  -0.0000000000000000     
  -0.0000000000000000     
  -0.0000000000000000     
  -0.0000000000000000     
  -0.0000000000000000     
  -0.0000000000000000     
  -0.0000000000000000     
  -0.0000000000000000     
  -0.0000000000000000     
  -0.0000000000000000     
  -0.0000000000000000     
  -0.0000000000000000     
  -0.0000000000000000     
  -0.0000000000000000     
  -0.0000000000000000     
  -0.0000000000000000     
  -0.0000000000000000     
  -0.0000000000000000     
  -0.0000000000000000     
  -0.0000000000000000     
  -0.0000000000000000     
  -0.0000000000000000     
  -0.0000000000000000     
  -0.0000000000000000     
  -0.0000000000000000     
  -0.0000000000000000     
  -0.0000000000000000     
  -0.0000000000000000     
  -0.0000000000000000     
  -0.0000000000000000     
  -0.0000000000000000     
  -0.0000000000000000     
  -0.0000000000000000     
  -0.0000000000000000     
  -0.0000000000000000     
  -0.0000000000000000     
  -0.0000000000000000     
  -1.5300672414255822E-006
  -0.0000000000000000     
  -0.0000000000000000     
  -0.0000000000000000     
  -0.0000000000000000     
  -0.0000000000000000     
  -0.0000000000000000     
  -0.0000000000000000     
  -0.0000000000000000     
  -0.0000000000000000     
  -0.0000000000000000     
  -0.0000000000000000     
  -0.0000000000000000     
  -0.0000000000000000     
  -0.0000000000000000     
  -0.0000000000000000     
  -0.0000000000000000     
  -0.0000000000000000     
  -0.0000000000000000     
  -0.0000000000000000     
  -0.0000000000000000     
  -0.0000000000000000     
  -0.0000000000000000     
  -0.0000000000000000     
  -0.0000000000000000     
  -0.0000000000000000     
  -0.0000000000000000     
  -0.0000000000000000     
  -0.0000000000000000     
  -0.0000000000000000     
  -0.0000000000000000     
  -0.0000000000000000     
  -0.0000000000000000     
  -0.0000000000000000     
  -0.0000000000000000     
  -0.0000000000000000     
  -0.0000000000000000     
  -0.0000000000000000     
  -0.0000000000000000     
  -0.0000000000000000     
  -0.0000000000000000     
  -0.0000000000000000     
  -0.0000000000000000     
  -0.0000000000000000     
  -0.0000000000000000     
  -0.0000000000000000     
  -0.0000000000000000     
  -0.0000000000000000     
  -0.0000000000000000     
  -0.0000000000000000     
  -0.0000000000000000     
  -0.0000000000000000     
  -4.5902017242767464E-006
  -0.0000000000000000     
  -0.0000000000000000     
  -0.0000000000000000     
  -0.0000000000000000     
  -0.0000000000000000     
  -0.0000000000000000     
  -0.0000000000000000     
  -0.0000000000000000     
  -0.0000000000000000     
  -0.0000000000000000     
  -0.0000000000000000     
  -0.0000000000000000     
  -0.0000000000000000     
  -0.0000000000000000     
  -0.0000000000000000     
  -0.0000000000000000     
  -0.0000000000000000     
  -0.0000000000000000     
  -0.0000000000000000     
  -0.0000000000000000     
  -0.0000000000000000     
  -0.0000000000000000     
  -0.0000000000000000     
  -0.0000000000000000     
  -0.0000000000000000     
  -0.0000000000000000     
  -0.0000000000000000     
  -0.0000000000000000     
  -0.0000000000000000     
  -0.0000000000000000     
  -0.0000000000000000     
  -0.0000000000000000     
  -0.0000000000000000     
  -0.0000000000000000     
  -0.0000000000000000     
  -0.0000000000000000     
  -0.0000000000000000     
  -0.0000000000000000     
  -0.0000000000000000     
  -0.0000000000000000     
  -0.0000000000000000     
  -0.0000000000000000     
  -0.0000000000000000     
  -0.0000000000000000     
  -0.0000000000000000     
  -0.0000000000000000     
  -0.0000000000000000     
  -0.0000000000000000     
  -0.0000000000000000     
  -0.0000000000000000     
  -0.0000000000000000     
  -0.0000000000000000     
  -4.5902028480082000E-006
  -2.1447616054161788E-014
  -1.3503576207545250E-013
  -1.2862388545382637E-012
  -1.4142427540583626E-011
  -1.5347194753435625E-010
  -1.6174276941968101E-009
  -1.5788685436527878E-008
  -1.2525025998475603E-007
  -6.7742219484966394E-007
  -2.0478554788346192E-006
  -3.1762880694443554E-006
  -2.9325349707436152E-006
  -2.0322211775720825E-006
  -1.3605930781955992E-006
  -0.0000000000000000     
  -0.0000000000000000     
  -0.0000000000000000     
  -0.0000000000000000     
  -0.0000000000000000     
  -0.0000000000000000     
  -0.0000000000000000     
  -0.0000000000000000     
  -0.0000000000000000     
  -0.0000000000000000     
  -0.0000000000000000     
  -0.0000000000000000     
  -0.0000000000000000     
  -0.0000000000000000     
  -0.0000000000000000     
  -0.0000000000000000     
  -0.0000000000000000     
  -0.0000000000000000     
  -0.0000000000000000     
  -0.0000000000000000     
  -0.0000000000000000     
  -0.0000000000000000     
  -0.0000000000000000     
  -0.0000000000000000     
  -0.0000000000000000     
  -0.0000000000000000     
  -0.0000000000000000     
  -0.0000000000000000     
  -0.0000000000000000     
  -0.0000000000000000     
  -0.0000000000000000     
  -0.0000000000000000     
  -0.0000000000000000     
  -1.6600919531794316E-006
  -5.5336416501925094E-007
  -1.6600924950577528E-006
  -0.0000000000000000     
  -0.0000000000000000     
  -0.0000000000000000     
  -3.0601318608117376E-006
  -2.1447616065662708E-014
  -1.3503576221684773E-013
  -1.2862388575961588E-012
  -1.4142427621055905E-011
  -1.5347194961722265E-010
  -1.6174277461582274E-009
  -1.5788686612638403E-008
  -1.2525028035956254E-007
  -6.7742241052891071E-007
  -2.0478565608752695E-006
  -3.1762903670136540E-006
  -2.9325374757374696E-006
  -2.0322230494126582E-006
  -1.3605943689525896E-006
  -0.0000000000000000     
  -0.0000000000000000     
  -0.0000000000000000     
  -0.0000000000000000     
  -0.0000000000000000     
  -0.0000000000000000     
  -0.0000000000000000     
  -0.0000000000000000     
  -0.0000000000000000     
  -0.0000000000000000     
  -0.0000000000000000     
  -0.0000000000000000     
  -0.0000000000000000     
  -0.0000000000000000     
  -0.0000000000000000     
  -0.0000000000000000     
  -0.0000000000000000     
  -0.0000000000000000     
  -0.0000000000000000     
  -0.0000000000000000     
  -0.0000000000000000     
  -0.0000000000000000     
  -0.0000000000000000     
  -0.0000000000000000     
  -0.0000000000000000     
  -0.0000000000000000     
  -0.0000000000000000     
  -0.0000000000000000     
  -0.0000000000000000     
  -0.0000000000000000     
  -0.0000000000000000     
  -0.0000000000000000     
  -0.0000000000000000     
  -5.5336416501925094E-007
  -1.6600930369361325E-006
  -1.6600930369361329E-006
  -0.0000000000000000     
  -0.0000000000000000     
  -0.0000000000000000     
  -1.0200444530399719E-006
  -3.0601348574283376E-006
  -6.4342848196988121E-014
  -4.0510728665054314E-013
  -3.8587165727884753E-012
  -4.2427282863167703E-011
  -4.6041584885166798E-010
  -4.8522832384746811E-009
  -4.7366059837915191E-008
  -3.7575084107868750E-007
  -2.0322672315867328E-006
  -6.1435696826258098E-006
  -9.5288711010409613E-006
  -8.7976124272124068E-006
  -6.0966691482379738E-006
  -4.0817831068577682E-006
  -0.0000000000000000     
  -0.0000000000000000     
  -0.0000000000000000     
  -0.0000000000000000     
  -0.0000000000000000     
  -0.0000000000000000     
  -0.0000000000000000     
  -0.0000000000000000     
  -0.0000000000000000     
  -0.0000000000000000     
  -0.0000000000000000     
  -0.0000000000000000     
  -0.0000000000000000     
  -0.0000000000000000     
  -0.0000000000000000     
  -0.0000000000000000     
  -0.0000000000000000     
  -0.0000000000000000     
  -0.0000000000000000     
  -0.0000000000000000     
  -0.0000000000000000     
  -0.0000000000000000     
  -0.0000000000000000     
  -0.0000000000000000     
  -0.0000000000000000     
  -0.0000000000000000     
  -0.0000000000000000     
  -0.0000000000000000     
  -0.0000000000000000     
  -0.0000000000000000     
  -0.0000000000000000     
  -0.0000000000000000     
  -0.0000000000000000     
  -1.6600924950577528E-006
  -1.6600930369361329E-006
  -8.3004651846806641E-006
  -0.0000000000000000     
  -0.0000000000000000     
  -0.0000000000000000     
  -3.0601333591199159E-006
  -3.0601348574283368E-006
  -1.5300674287141685E-005
  -0.0000000000000000     
  -0.0000000000000000     
  -0.0000000000000000     
  -0.0000000000000000     
  -0.0000000000000000     
  -0.0000000000000000     
  -0.0000000000000000     
  -0.0000000000000000     
  -0.0000000000000000     
  -0.0000000000000000     
  -0.0000000000000000     
  -0.0000000000000000     
  -0.0000000000000000     
  -0.0000000000000000     
  -0.0000000000000000     
  -0.0000000000000000     
  -0.0000000000000000     
  -0.0000000000000000     
  -0.0000000000000000     
  -0.0000000000000000     
  -0.0000000000000000     
  -0.0000000000000000     
  -0.0000000000000000     
  -0.0000000000000000     
  -0.0000000000000000     
  -0.0000000000000000     
  -0.0000000000000000     
  -0.0000000000000000     
  -0.0000000000000000     
  -0.0000000000000000     
  -0.0000000000000000     
  -0.0000000000000000     
  -0.0000000000000000     
  -0.0000000000000000     
  -0.0000000000000000     
  -0.0000000000000000     
  -0.0000000000000000     
  -0.0000000000000000     
  -0.0000000000000000     
  -0.0000000000000000     
  -0.0000000000000000     
  -0.0000000000000000     
  -0.0000000000000000     
  -0.0000000000000000     
  -0.0000000000000000     
  -0.0000000000000000     
  -0.0000000000000000     
  -0.0000000000000000     
  -0.0000000000000000     
  -0.0000000000000000     
  -1.6600924950577528E-006
  -0.0000000000000000     
  -0.0000000000000000     
  -0.0000000000000000     
  -0.0000000000000000     
  -0.0000000000000000     
  -3.0601333591199159E-006
  -0.0000000000000000     
  -0.0000000000000000     
  -0.0000000000000000     
  -0.0000000000000000     
  -0.0000000000000000     
  -0.0000000000000000     
  -0.0000000000000000     
  -0.0000000000000000     
  -0.0000000000000000     
  -0.0000000000000000     
  -0.0000000000000000     
  -0.0000000000000000     
  -0.0000000000000000     
  -0.0000000000000000     
  -0.0000000000000000     
  -0.0000000000000000     
  -0.0000000000000000     
  -0.0000000000000000     
  -0.0000000000000000     
  -0.0000000000000000     
  -0.0000000000000000     
  -0.0000000000000000     
  -0.0000000000000000     
  -0.0000000000000000     
  -0.0000000000000000     
  -0.0000000000000000     
  -0.0000000000000000     
  -0.0000000000000000     
  -0.0000000000000000     
  -0.0000000000000000     
  -0.0000000000000000     
  -0.0000000000000000     
  -0.0000000000000000     
  -0.0000000000000000     
  -0.0000000000000000     
  -0.0000000000000000     
  -0.0000000000000000     
  -0.0000000000000000     
  -0.0000000000000000     
  -0.0000000000000000     
  -0.0000000000000000     
  -0.0000000000000000     
  -0.0000000000000000     
  -0.0000000000000000     
  -0.0000000000000000     
  -0.0000000000000000     
  -0.0000000000000000     
  -0.0000000000000000     
  -0.0000000000000000     
  -0.0000000000000000     
  -0.0000000000000000     
  -4.9802774851732597E-006
  -0.0000000000000000     
  -0.0000000000000000     
  -0.0000000000000000     
  -0.0000000000000000     
  -0.0000000000000000     
  -9.1804000773597472E-006
  -0.0000000000000000     
  -0.0000000000000000     
  -0.0000000000000000     
  -0.0000000000000000     
  -0.0000000000000000     
  -0.0000000000000000     
  -0.0000000000000000     
  -0.0000000000000000     
  -0.0000000000000000     
  -0.0000000000000000     
  -0.0000000000000000     
  -0.0000000000000000     
  -0.0000000000000000     
  -0.0000000000000000     
  -0.0000000000000000     
  -0.0000000000000000     
  -0.0000000000000000     
  -0.0000000000000000     
  -0.0000000000000000     
  -0.0000000000000000     
  -0.0000000000000000     
  -0.0000000000000000     
  -0.0000000000000000     
  -0.0000000000000000     
  -0.0000000000000000     
  -0.0000000000000000     
  -0.0000000000000000     
  -0.0000000000000000     
  -0.0000000000000000     
  -0.0000000000000000     
  -0.0000000000000000     
  -0.0000000000000000     
  -0.0000000000000000     
  -0.0000000000000000     
  -0.0000000000000000     
  -0.0000000000000000     
  -0.0000000000000000     
  -0.0000000000000000     
  -0.0000000000000000     
  -0.0000000000000000     
  -0.0000000000000000     
  -0.0000000000000000     
  -0.0000000000000000     
  -0.0000000000000000     
  -0.0000000000000000     
  -0.0000000000000000     
  -0.0000000000000000     
  -0.0000000000000000     
  -0.0000000000000000     
  -0.0000000000000000     
  -0.0000000000000000     
  -0.0000000000000000     
  -4.9802791108083983E-006
  -0.0000000000000000     
  -0.0000000000000000     
  -0.0000000000000000     
  -0.0000000000000000     
  -0.0000000000000000     
  -9.1804045722850108E-006
  -0.0000000000000000     
  -0.0000000000000000     
  -0.0000000000000000     
  -0.0000000000000000     
  -0.0000000000000000     
  -0.0000000000000000     
  -0.0000000000000000     
  -0.0000000000000000     
  -0.0000000000000000     
  -0.0000000000000000     
  -0.0000000000000000     
  -0.0000000000000000     
  -0.0000000000000000     
  -0.0000000000000000     
  -2.7637652543962163E-007
  -0.0000000000000000     
  -0.0000000000000000     
  -6.6612122063777310E-007
  -0.0000000000000000     
  -0.0000000000000000     
  -1.2665886832672484E-006
  -0.0000000000000000     
  -0.0000000000000000     
  -1.4268275584086956E-006
  -0.0000000000000000     
  -0.0000000000000000     
  -1.0676269263412412E-006
  -0.0000000000000000     
  -0.0000000000000000     
  -7.0442675559789742E-007
  -0.0000000000000000     
  -0.0000000000000000     
  -3.5932517238887016E-007
  -0.0000000000000000     
  -0.0000000000000000     
  -1.6694047706695160E-007
  -0.0000000000000000     
  -0.0000000000000000     
  -7.3845002166415138E-008
  -0.0000000000000000     
  -0.0000000000000000     
  -3.1853052927483433E-008
  -0.0000000000000000     
  -0.0000000000000000     
  -1.3565821561414961E-008
  -0.0000000000000000     
  -0.0000000000000000     
  -0.0000000000000000     
  -0.0000000000000000     
  -0.0000000000000000     
  -0.0000000000000000     
  -0.0000000000000000     
  -0.0000000000000000     
  -0.0000000000000000     
  -0.0000000000000000     
  -0.0000000000000000     
  -0.0000000000000000     
  -0.0000000000000000     
  -0.0000000000000000     
  -1.1808925678995602E-006
  -0.0000000000000000     
  -0.0000000000000000     
  -0.0000000000000000     
  -0.0000000000000000     
  -0.0000000000000000     
  -0.0000000000000000     
  -0.0000000000000000     
  -0.0000000000000000     
  -0.0000000000000000     
  -0.0000000000000000     
  -0.0000000000000000     
  -0.0000000000000000     
  -0.0000000000000000     
  -0.0000000000000000     
  -0.0000000000000000     
  -2.7637658909977599E-007
  -0.0000000000000000     
  -0.0000000000000000     
  -6.6612143798587309E-007
  -0.0000000000000000     
  -0.0000000000000000     
  -1.2665892626680421E-006
  -0.0000000000000000     
  -0.0000000000000000     
  -1.4268283764854558E-006
  -0.0000000000000000     
  -0.0000000000000000     
  -1.0676276228324612E-006
  -0.0000000000000000     
  -0.0000000000000000     
  -7.0442724321973805E-007
  -0.0000000000000000     
  -0.0000000000000000     
  -3.5932543203875920E-007
  -0.0000000000000000     
  -0.0000000000000000     
  -1.6694060040527685E-007
  -0.0000000000000000     
  -0.0000000000000000     
  -7.3845057343255912E-008
  -0.0000000000000000     
  -0.0000000000000000     
  -3.1853076863800737E-008
  -0.0000000000000000     
  -0.0000000000000000     
  -1.3565831784758013E-008
  -0.0000000000000000     
  -0.0000000000000000     
  -0.0000000000000000     
  -0.0000000000000000     
  -0.0000000000000000     
  -0.0000000000000000     
  -0.0000000000000000     
  -0.0000000000000000     
  -0.0000000000000000     
  -0.0000000000000000     
  -0.0000000000000000     
  -0.0000000000000000     
  -0.0000000000000000     
  -0.0000000000000000     
  -1.1808932372638236E-006
  -0.0000000000000000     
  -0.0000000000000000     
  -0.0000000000000000     
  -0.0000000000000000     
  -0.0000000000000000     
  -0.0000000000000000     
  -0.0000000000000000     
  -0.0000000000000000     
  -0.0000000000000000     
  -0.0000000000000000     
  -0.0000000000000000     
  -0.0000000000000000     
  -0.0000000000000000     
  -0.0000000000000000     
  -0.0000000000000000     
  -0.0000000000000000     
  -1.3818829454988799E-006
  -0.0000000000000000     
  -0.0000000000000000     
  -3.3306071899293655E-006
  -0.0000000000000000     
  -0.0000000000000000     
  -6.3329463133402114E-006
  -0.0000000000000000     
  -0.0000000000000000     
  -7.1341418824272783E-006
  -0.0000000000000000     
  -0.0000000000000000     
  -5.3381381141623065E-006
  -0.0000000000000000     
  -0.0000000000000000     
  -3.5221362160986918E-006
  -0.0000000000000000     
  -0.0000000000000000     
  -1.7966271601937958E-006
  -0.0000000000000000     
  -0.0000000000000000     
  -8.3470300202638414E-007
  -0.0000000000000000     
  -0.0000000000000000     
  -3.6922528671627968E-007
  -0.0000000000000000     
  -0.0000000000000000     
  -1.5926538431900365E-007
  -0.0000000000000000     
  -0.0000000000000000     
  -6.7829158923790076E-008
  -0.0000000000000000     
  -0.0000000000000000     
  -0.0000000000000000     
  -0.0000000000000000     
  -0.0000000000000000     
  -0.0000000000000000     
  -0.0000000000000000     
  -0.0000000000000000     
  -0.0000000000000000     
  -0.0000000000000000     
  -0.0000000000000000     
  -0.0000000000000000     
  -0.0000000000000000     
  -0.0000000000000000     
  -8.2662526608467633E-006
  -0.0000000000000000     
  -0.0000000000000000     
  -0.0000000000000000     
  -0.0000000000000000     
  -0.0000000000000000     
  -0.0000000000000000     
  -0.0000000000000000     
  -0.0000000000000000     
  -0.0000000000000000     
  -0.0000000000000000     
  -0.0000000000000000     
  -0.0000000000000000     
  -0.0000000000000000     
  -0.0000000000000000     
  -0.0000000000000000     
  -2.0599892314746952E-007
  -0.0000000000000000     
  -0.0000000000000000     
  -4.9649752453458435E-007
  -0.0000000000000000     
  -0.0000000000000000     
  -9.4405968103575787E-007
  -0.0000000000000000     
  -0.0000000000000000     
  -1.0634947758031580E-006
  -0.0000000000000000     
  -0.0000000000000000     
  -7.9576238686966344E-007
  -0.0000000000000000     
  -0.0000000000000000     
  -5.2504888528809638E-007
  -0.0000000000000000     
  -0.0000000000000000     
  -2.6782526726190917E-007
  -0.0000000000000000     
  -0.0000000000000000     
  -1.2443013093812655E-007
  -0.0000000000000000     
  -0.0000000000000000     
  -5.5040835444100996E-008
  -0.0000000000000000     
  -0.0000000000000000     
  -2.3741872799455415E-008
  -0.0000000000000000     
  -0.0000000000000000     
  -1.0111370204000159E-008
  -0.0000000000000000     
  -0.0000000000000000     
  -0.0000000000000000     
  -0.0000000000000000     
  -0.0000000000000000     
  -0.0000000000000000     
  -0.0000000000000000     
  -0.0000000000000000     
  -0.0000000000000000     
  -0.0000000000000000     
  -0.0000000000000000     
  -0.0000000000000000     
  -0.0000000000000000     
  -0.0000000000000000     
  -5.2811141075540014E-007
  -0.0000000000000000     
  -1.1808927910209666E-006
  -0.0000000000000000     
  -0.0000000000000000     
  -0.0000000000000000     
  -0.0000000000000000     
  -0.0000000000000000     
  -0.0000000000000000     
  -0.0000000000000000     
  -0.0000000000000000     
  -0.0000000000000000     
  -0.0000000000000000     
  -0.0000000000000000     
  -0.0000000000000000     
  -0.0000000000000000     
  -0.0000000000000000     
  -0.0000000000000000     
  -0.0000000000000000     
  -6.1799676944240847E-007
  -0.0000000000000000     
  -0.0000000000000000     
  -1.4894925736037530E-006
  -0.0000000000000000     
  -0.0000000000000000     
  -2.8321790431072738E-006
  -0.0000000000000000     
  -0.0000000000000000     
  -3.1904843274094737E-006
  -0.0000000000000000     
  -0.0000000000000000     
  -2.3872871606089904E-006
  -0.0000000000000000     
  -0.0000000000000000     
  -1.5751466558642895E-006
  -0.0000000000000000     
  -0.0000000000000000     
  -8.0347580178572757E-007
  -0.0000000000000000     
  -0.0000000000000000     
  -3.7329039281437974E-007
  -0.0000000000000000     
  -0.0000000000000000     
  -1.6512250633230296E-007
  -0.0000000000000000     
  -0.0000000000000000     
  -7.1225618398366235E-008
  -0.0000000000000000     
  -0.0000000000000000     
  -3.0334110612000469E-008
  -0.0000000000000000     
  -0.0000000000000000     
  -0.0000000000000000     
  -0.0000000000000000     
  -0.0000000000000000     
  -0.0000000000000000     
  -0.0000000000000000     
  -0.0000000000000000     
  -0.0000000000000000     
  -0.0000000000000000     
  -0.0000000000000000     
  -0.0000000000000000     
  -0.0000000000000000     
  -0.0000000000000000     
  -2.6405570537770008E-006
  -0.0000000000000000     
  -3.5426783730629000E-006
  -0.0000000000000000     
  -0.0000000000000000     
  -0.0000000000000000     
  -0.0000000000000000     
  -0.0000000000000000     
  -0.0000000000000000     
  -0.0000000000000000     
  -0.0000000000000000     
  -0.0000000000000000     
  -0.0000000000000000     
  -0.0000000000000000     
  -0.0000000000000000     
  -0.0000000000000000     
  -0.0000000000000000     
  -2.0599892314746952E-007
  -0.0000000000000000     
  -0.0000000000000000     
  -4.9649752453458435E-007
  -0.0000000000000000     
  -0.0000000000000000     
  -9.4405968103575787E-007
  -0.0000000000000000     
  -0.0000000000000000     
  -1.0634947758031580E-006
  -0.0000000000000000     
  -0.0000000000000000     
  -7.9576238686966344E-007
  -0.0000000000000000     
  -0.0000000000000000     
  -5.2504888528809638E-007
  -0.0000000000000000     
  -0.0000000000000000     
  -2.6782526726190917E-007
  -0.0000000000000000     
  -0.0000000000000000     
  -1.2443013093812655E-007
  -0.0000000000000000     
  -0.0000000000000000     
  -5.5040835444100996E-008
  -0.0000000000000000     
  -0.0000000000000000     
  -2.3741872799455415E-008
  -0.0000000000000000     
  -0.0000000000000000     
  -1.0111370204000159E-008
  -0.0000000000000000     
  -0.0000000000000000     
  -0.0000000000000000     
  -0.0000000000000000     
  -0.0000000000000000     
  -0.0000000000000000     
  -0.0000000000000000     
  -0.0000000000000000     
  -0.0000000000000000     
  -0.0000000000000000     
  -0.0000000000000000     
  -0.0000000000000000     
  -0.0000000000000000     
  -0.0000000000000000     
  -5.2811131097246711E-007
  -0.0000000000000000     
  -0.0000000000000000     
  -0.0000000000000000     
  -0.0000000000000000     
  -1.1808930141423882E-006
  -0.0000000000000000     
  -0.0000000000000000     
  -0.0000000000000000     
  -0.0000000000000000     
  -0.0000000000000000     
  -0.0000000000000000     
  -0.0000000000000000     
  -0.0000000000000000     
  -0.0000000000000000     
  -0.0000000000000000     
  -0.0000000000000000     
  -0.0000000000000000     
  -0.0000000000000000     
  -0.0000000000000000     
  -0.0000000000000000     
  -0.0000000000000000     
  -6.1799684061662614E-007
  -0.0000000000000000     
  -0.0000000000000000     
  -1.4894928166063226E-006
  -0.0000000000000000     
  -0.0000000000000000     
  -2.8321796908970786E-006
  -0.0000000000000000     
  -0.0000000000000000     
  -3.1904852420471410E-006
  -0.0000000000000000     
  -0.0000000000000000     
  -2.3872879393098895E-006
  -0.0000000000000000     
  -0.0000000000000000     
  -1.5751472010421121E-006
  -0.0000000000000000     
  -0.0000000000000000     
  -8.0347609208314613E-007
  -0.0000000000000000     
  -0.0000000000000000     
  -3.7329053071082787E-007
  -0.0000000000000000     
  -0.0000000000000000     
  -1.6512256802189020E-007
  -0.0000000000000000     
  -0.0000000000000000     
  -7.1225645159984236E-008
  -0.0000000000000000     
  -0.0000000000000000     
  -3.0334122042046204E-008
  -0.0000000000000000     
  -0.0000000000000000     
  -0.0000000000000000     
  -0.0000000000000000     
  -0.0000000000000000     
  -0.0000000000000000     
  -0.0000000000000000     
  -0.0000000000000000     
  -0.0000000000000000     
  -0.0000000000000000     
  -0.0000000000000000     
  -0.0000000000000000     
  -0.0000000000000000     
  -0.0000000000000000     
  -2.6405575526916968E-006
  -0.0000000000000000     
  -1.1808930141423880E-006
  -0.0000000000000000     
  -3.5426797117914690E-006
  -0.0000000000000000     
  -0.0000000000000000     
  -0.0000000000000000     
  -0.0000000000000000     
  -0.0000000000000000     
  -0.0000000000000000     
  -0.0000000000000000     
  -0.0000000000000000     
  -0.0000000000000000     
  -0.0000000000000000     
  -0.0000000000000000     
  -0.0000000000000000     
  -0.0000000000000000     
  -0.0000000000000000     
  -6.1799676944240847E-007
  -0.0000000000000000     
  -0.0000000000000000     
  -1.4894925736037530E-006
  -0.0000000000000000     
  -0.0000000000000000     
  -2.8321790431072738E-006
  -0.0000000000000000     
  -0.0000000000000000     
  -3.1904843274094737E-006
  -0.0000000000000000     
  -0.0000000000000000     
  -2.3872871606089904E-006
  -0.0000000000000000     
  -0.0000000000000000     
  -1.5751466558642895E-006
  -0.0000000000000000     
  -0.0000000000000000     
  -8.0347580178572757E-007
  -0.0000000000000000     
  -0.0000000000000000     
  -3.7329039281437974E-007
  -0.0000000000000000     
  -0.0000000000000000     
  -1.6512250633230296E-007
  -0.0000000000000000     
  -0.0000000000000000     
  -7.1225618398366235E-008
  -0.0000000000000000     
  -0.0000000000000000     
  -3.0334110612000469E-008
  -0.0000000000000000     
  -0.0000000000000000     
  -0.0000000000000000     
  -0.0000000000000000     
  -0.0000000000000000     
  -0.0000000000000000     
  -0.0000000000000000     
  -0.0000000000000000     
  -0.0000000000000000     
  -0.0000000000000000     
  -0.0000000000000000     
  -0.0000000000000000     
  -0.0000000000000000     
  -0.0000000000000000     
  -1.5843339329174013E-006
  -0.0000000000000000     
  -0.0000000000000000     
  -0.0000000000000000     
  -0.0000000000000000     
  -1.1808930141423880E-006
  -0.0000000000000000     
  -5.9044650707119410E-006
  -0.0000000000000000     
  -0.0000000000000000     
  -0.0000000000000000     
  -0.0000000000000000     
  -0.0000000000000000     
  -0.0000000000000000     
  -0.0000000000000000     
  -0.0000000000000000     
  -0.0000000000000000     
  -0.0000000000000000     
  -0.0000000000000000     
  -0.0000000000000000     
  -0.0000000000000000     
  -0.0000000000000000     
  -0.0000000000000000     
  -6.1799684061662614E-007
  -0.0000000000000000     
  -0.0000000000000000     
  -1.4894928166063226E-006
  -0.0000000000000000     
  -0.0000000000000000     
  -2.8321796908970786E-006
  -0.0000000000000000     
  -0.0000000000000000     
  -3.1904852420471410E-006
  -0.0000000000000000     
  -0.0000000000000000     
  -2.3872879393098895E-006
  -0.0000000000000000     
  -0.0000000000000000     
  -1.5751472010421121E-006
  -0.0000000000000000     
  -0.0000000000000000     
  -8.0347609208314613E-007
  -0.0000000000000000     
  -0.0000000000000000     
  -3.7329053071082787E-007
  -0.0000000000000000     
  -0.0000000000000000     
  -1.6512256802189020E-007
  -0.0000000000000000     
  -0.0000000000000000     
  -7.1225645159984236E-008
  -0.0000000000000000     
  -0.0000000000000000     
  -3.0334122042046204E-008
  -0.0000000000000000     
  -0.0000000000000000     
  -0.0000000000000000     
  -0.0000000000000000     
  -0.0000000000000000     
  -0.0000000000000000     
  -0.0000000000000000     
  -0.0000000000000000     
  -0.0000000000000000     
  -0.0000000000000000     
  -0.0000000000000000     
  -0.0000000000000000     
  -0.0000000000000000     
  -0.0000000000000000     
  -1.5843345316150179E-006
  -0.0000000000000000     
  -1.1808930141423880E-006
  -0.0000000000000000     
  -0.0000000000000000     
  -0.0000000000000000     
  -0.0000000000000000     
  -5.9044661863191145E-006
  -0.0000000000000000     
  -0.0000000000000000     
  -0.0000000000000000     
  -0.0000000000000000     
  -0.0000000000000000     
  -0.0000000000000000     
  -0.0000000000000000     
  -0.0000000000000000     
  -0.0000000000000000     
  -0.0000000000000000     
  -0.0000000000000000     
  -0.0000000000000000     
  -0.0000000000000000     
  -0.0000000000000000     
  -0.0000000000000000     
  -0.0000000000000000     
  -0.0000000000000000     
  -0.0000000000000000     
  -0.0000000000000000     
  -0.0000000000000000     
  -0.0000000000000000     
  -0.0000000000000000     
  -0.0000000000000000     
  -0.0000000000000000     
  -0.0000000000000000     
  -0.0000000000000000     
  -0.0000000000000000     
  -0.0000000000000000     
  -0.0000000000000000     
  -0.0000000000000000     
  -0.0000000000000000     
  -0.0000000000000000     
  -0.0000000000000000     
  -0.0000000000000000     
  -0.0000000000000000     
  -0.0000000000000000     
  -0.0000000000000000     
  -0.0000000000000000     
  -0.0000000000000000     
  -0.0000000000000000     
  -0.0000000000000000     
  -0.0000000000000000     
  -0.0000000000000000     
  -0.0000000000000000     
  -0.0000000000000000     
  -0.0000000000000000     
  -0.0000000000000000     
  -0.0000000000000000     
  -0.0000000000000000     
  -0.0000000000000000     
  -0.0000000000000000     
  -0.0000000000000000     
  -0.0000000000000000     
  -0.0000000000000000     
  -0.0000000000000000     
  -0.0000000000000000     
  -0.0000000000000000     
  -0.0000000000000000     
  -0.0000000000000000     
  -0.0000000000000000     
  -0.0000000000000000     
  -0.0000000000000000     
  -0.0000000000000000     
  -0.0000000000000000     
  -0.0000000000000000     
  -0.0000000000000000     
  -0.0000000000000000     
  -0.0000000000000000     
  -3.5426790424271642E-006
