  -0.0000000000000000     
  -0.0000000000000000     
  -0.0000000000000000     
  -0.0000000000000000     
  -0.0000000000000000     
  -0.0000000000000000     
  -0.0000000000000000     
  -0.0000000000000000     
  -0.0000000000000000     
  -0.0000000000000000     
  -0.0000000000000000     
  -0.0000000000000000     
  -0.0000000000000000     
  -0.0000000000000000     
  -0.0000000000000000     
  -0.0000000000000000     
  -0.0000000000000000     
  -0.0000000000000000     
  -0.0000000000000000     
  -0.0000000000000000     
  -0.0000000000000000     
  -0.0000000000000000     
  -0.0000000000000000     
  -0.0000000000000000     
  -0.0000000000000000     
  -0.0000000000000000     
  -0.0000000000000000     
  -0.0000000000000000     
  -0.0000000000000000     
  -0.0000000000000000     
  -0.0000000000000000     
  -0.0000000000000000     
  -0.0000000000000000     
  -0.0000000000000000     
  -0.0000000000000000     
  -0.0000000000000000     
  -0.0000000000000000     
  -0.0000000000000000     
  -0.0000000000000000     
  -0.0000000000000000     
  -0.0000000000000000     
  -0.0000000000000000     
  -0.0000000000000000     
  -0.0000000000000000     
  -0.0000000000000000     
  -0.0000000000000000     
  -0.0000000000000000     
  -0.0000000000000000     
  -0.0000000000000000     
  -0.0000000000000000     
  -0.0000000000000000     
  -0.0000000000000000     
  -0.0000000000000000     
  -0.0000000000000000     
  -0.0000000000000000     
  -0.0000000000000000     
  -0.0000000000000000     
  -0.0000000000000000     
  -0.0000000000000000     
  -0.0000000000000000     
  -0.0000000000000000     
  -0.0000000000000000     
  -0.0000000000000000     
  -0.0000000000000000     
  -0.0000000000000000     
  -0.0000000000000000     
  -0.0000000000000000     
  -0.0000000000000000     
  -0.0000000000000000     
  -0.0000000000000000     
  -0.0000000000000000     
  -0.0000000000000000     
  -0.0000000000000000     
  -0.0000000000000000     
  -0.0000000000000000     
  -0.0000000000000000     
  -0.0000000000000000     
  -0.0000000000000000     
  -0.0000000000000000     
  -0.0000000000000000     
  -0.0000000000000000     
  -0.0000000000000000     
  -0.0000000000000000     
  -0.0000000000000000     
  -0.0000000000000000     
  -0.0000000000000000     
  -0.0000000000000000     
  -0.0000000000000000     
  -0.0000000000000000     
  -0.0000000000000000     
  -0.0000000000000000     
  -0.0000000000000000     
  -0.0000000000000000     
  -0.0000000000000000     
  -0.0000000000000000     
  -0.0000000000000000     
  -0.0000000000000000     
  -0.0000000000000000     
  -0.0000000000000000     
  -0.0000000000000000     
  -0.0000000000000000     
  -0.0000000000000000     
  -0.0000000000000000     
  -0.0000000000000000     
  -0.0000000000000000     
  -2.3734982062817589E-016
  -1.4810833877905536E-015
  -1.3784692623766954E-014
  -1.4316765683046263E-013
  -1.3615286701047043E-012
  -1.0711306244265910E-011
  -5.8066882320784147E-011
  -1.7341176547639860E-010
  -2.6817188722970663E-010
  -2.4624223573939566E-010
  -1.6640942077326656E-010
  -9.6586727052234081E-011
  -5.3964050901618188E-011
  -3.3180659092774898E-011
  -0.0000000000000000     
  -0.0000000000000000     
  -0.0000000000000000     
  -0.0000000000000000     
  -0.0000000000000000     
  -0.0000000000000000     
  -0.0000000000000000     
  -0.0000000000000000     
  -0.0000000000000000     
  -0.0000000000000000     
  -0.0000000000000000     
  -0.0000000000000000     
  -0.0000000000000000     
  -0.0000000000000000     
  -0.0000000000000000     
  -0.0000000000000000     
  -0.0000000000000000     
  -0.0000000000000000     
  -0.0000000000000000     
  -0.0000000000000000     
  -0.0000000000000000     
  -0.0000000000000000     
  -0.0000000000000000     
  -0.0000000000000000     
  -0.0000000000000000     
  -0.0000000000000000     
  -0.0000000000000000     
  -0.0000000000000000     
  -0.0000000000000000     
  -0.0000000000000000     
  -0.0000000000000000     
  -0.0000000000000000     
  -0.0000000000000000     
  -0.0000000000000000     
  -1.1993780301762596E-016
  -7.5182670147884178E-016
  -7.0799957350513192E-015
  -7.5676263252889529E-014
  -7.6851351000810622E-013
  -6.9614243308318221E-012
  -4.9200494934535495E-011
  -2.1645293913676778E-010
  -5.0196325301066166E-010
  -6.2265930297348671E-010
  -4.9756089338463563E-010
  -3.1300144964648167E-010
  -1.8100505465509877E-010
  -1.1276471184098984E-010
  -0.0000000000000000     
  -0.0000000000000000     
  -0.0000000000000000     
  -0.0000000000000000     
  -0.0000000000000000     
  -0.0000000000000000     
  -0.0000000000000000     
  -0.0000000000000000     
  -0.0000000000000000     
  -0.0000000000000000     
  -0.0000000000000000     
  -0.0000000000000000     
  -0.0000000000000000     
  -0.0000000000000000     
  -0.0000000000000000     
  -0.0000000000000000     
  -0.0000000000000000     
  -0.0000000000000000     
  -0.0000000000000000     
  -0.0000000000000000     
  -0.0000000000000000     
  -0.0000000000000000     
  -0.0000000000000000     
  -0.0000000000000000     
  -0.0000000000000000     
  -0.0000000000000000     
  -0.0000000000000000     
  -0.0000000000000000     
  -0.0000000000000000     
  -0.0000000000000000     
  -0.0000000000000000     
  -0.0000000000000000     
  -0.0000000000000000     
  -0.0000000000000000     
  -0.0000000000000000     
  -0.0000000000000000     
  -0.0000000000000000     
  -0.0000000000000000     
  -0.0000000000000000     
  -0.0000000000000000     
  -0.0000000000000000     
  -0.0000000000000000     
  -0.0000000000000000     
  -5.0019108157375804E-017
  -3.1452770590823683E-016
  -2.9861302526962384E-015
  -3.2566667022993889E-014
  -3.4665255905526239E-013
  -3.4924792315917914E-012
  -3.0826428309235376E-011
  -2.0006639368609076E-010
  -7.7903347358663342E-010
  -1.5797337830939148E-009
  -1.7546296706436075E-009
  -1.3164413870318194E-009
  -8.2425961003456904E-010
  -5.2967113346721208E-010
  -0.0000000000000000     
  -0.0000000000000000     
  -0.0000000000000000     
  -0.0000000000000000     
  -0.0000000000000000     
  -0.0000000000000000     
  -0.0000000000000000     
  -0.0000000000000000     
  -0.0000000000000000     
  -0.0000000000000000     
  -0.0000000000000000     
  -0.0000000000000000     
  -0.0000000000000000     
  -0.0000000000000000     
  -0.0000000000000000     
  -0.0000000000000000     
  -0.0000000000000000     
  -0.0000000000000000     
  -0.0000000000000000     
  -0.0000000000000000     
  -0.0000000000000000     
  -0.0000000000000000     
  -0.0000000000000000     
  -0.0000000000000000     
  -0.0000000000000000     
  -0.0000000000000000     
  -0.0000000000000000     
  -0.0000000000000000     
  -0.0000000000000000     
  -0.0000000000000000     
  -0.0000000000000000     
  -0.0000000000000000     
  -0.0000000000000000     
  -0.0000000000000000     
  -0.0000000000000000     
  -0.0000000000000000     
  -0.0000000000000000     
  -0.0000000000000000     
  -0.0000000000000000     
  -0.0000000000000000     
  -0.0000000000000000     
  -0.0000000000000000     
  -0.0000000000000000     
  -0.0000000000000000     
  -0.0000000000000000     
  -0.0000000000000000     
  -0.0000000000000000     
  -0.0000000000000000     
  -0.0000000000000000     
  -0.0000000000000000     
  -0.0000000000000000     
  -0.0000000000000000     
  -2.0428501434447881E-017
  -1.2866057654200470E-016
  -1.2265376550265107E-015
  -1.3514079637934756E-014
  -1.4738138931199479E-013
  -1.5715010216871438E-012
  -1.5757597056709229E-011
  -1.3227301985959414E-010
  -7.9230376039300234E-010
  -2.7621965969129140E-009
  -4.9172042358105529E-009
  -4.9953832291052217E-009
  -3.6388569538363196E-009
  -2.4874432945038597E-009
  -0.0000000000000000     
  -0.0000000000000000     
  -0.0000000000000000     
  -0.0000000000000000     
  -0.0000000000000000     
  -0.0000000000000000     
  -0.0000000000000000     
  -0.0000000000000000     
  -0.0000000000000000     
  -0.0000000000000000     
  -0.0000000000000000     
  -0.0000000000000000     
  -0.0000000000000000     
  -0.0000000000000000     
  -0.0000000000000000     
  -0.0000000000000000     
  -0.0000000000000000     
  -0.0000000000000000     
  -0.0000000000000000     
  -0.0000000000000000     
  -0.0000000000000000     
  -0.0000000000000000     
  -0.0000000000000000     
  -0.0000000000000000     
  -0.0000000000000000     
  -0.0000000000000000     
  -0.0000000000000000     
  -0.0000000000000000     
  -0.0000000000000000     
  -0.0000000000000000     
  -0.0000000000000000     
  -0.0000000000000000     
  -0.0000000000000000     
  -0.0000000000000000     
  -0.0000000000000000     
  -0.0000000000000000     
  -0.0000000000000000     
  -0.0000000000000000     
  -0.0000000000000000     
  -0.0000000000000000     
  -0.0000000000000000     
  -0.0000000000000000     
  -0.0000000000000000     
  -0.0000000000000000     
  -0.0000000000000000     
  -0.0000000000000000     
  -0.0000000000000000     
  -0.0000000000000000     
  -0.0000000000000000     
  -0.0000000000000000     
  -0.0000000000000000     
  -0.0000000000000000     
  -0.0000000000000000     
  -0.0000000000000000     
  -0.0000000000000000     
  -0.0000000000000000     
  -0.0000000000000000     
  -0.0000000000000000     
  -0.0000000000000000     
  -0.0000000000000000     
  -0.0000000000000000     
  -8.5565395400787877E-018
  -5.3930623987997967E-017
  -5.1514128189288514E-016
  -5.7038256600290974E-015
  -6.2939396439178268E-014
  -6.9012370821886102E-013
  -7.3873024817874734E-012
  -7.1581493578355213E-011
  -5.6830385696245943E-010
  -3.1145335817486778E-009
  -9.3530576990996499E-009
  -1.4606592839176216E-008
  -1.3698294079465063E-008
  -1.0474349556607189E-008
  -0.0000000000000000     
  -0.0000000000000000     
  -0.0000000000000000     
  -0.0000000000000000     
  -0.0000000000000000     
  -0.0000000000000000     
  -0.0000000000000000     
  -0.0000000000000000     
  -0.0000000000000000     
  -0.0000000000000000     
  -0.0000000000000000     
  -0.0000000000000000     
  -0.0000000000000000     
  -0.0000000000000000     
  -0.0000000000000000     
  -0.0000000000000000     
  -0.0000000000000000     
  -0.0000000000000000     
  -0.0000000000000000     
  -0.0000000000000000     
  -0.0000000000000000     
  -0.0000000000000000     
  -0.0000000000000000     
  -0.0000000000000000     
  -0.0000000000000000     
  -0.0000000000000000     
  -0.0000000000000000     
  -0.0000000000000000     
  -0.0000000000000000     
  -0.0000000000000000     
  -0.0000000000000000     
  -0.0000000000000000     
  -0.0000000000000000     
  -0.0000000000000000     
  -0.0000000000000000     
  -0.0000000000000000     
  -0.0000000000000000     
  -0.0000000000000000     
  -0.0000000000000000     
  -0.0000000000000000     
  -0.0000000000000000     
  -0.0000000000000000     
  -0.0000000000000000     
  -0.0000000000000000     
  -0.0000000000000000     
  -0.0000000000000000     
  -0.0000000000000000     
  -0.0000000000000000     
  -0.0000000000000000     
  -0.0000000000000000     
  -0.0000000000000000     
  -0.0000000000000000     
  -0.0000000000000000     
  -0.0000000000000000     
  -0.0000000000000000     
  -0.0000000000000000     
  -0.0000000000000000     
  -0.0000000000000000     
  -0.0000000000000000     
  -0.0000000000000000     
  -0.0000000000000000     
  -0.0000000000000000     
  -0.0000000000000000     
  -0.0000000000000000     
  -0.0000000000000000     
  -0.0000000000000000     
  -0.0000000000000000     
  -0.0000000000000000     
  -0.0000000000000000     
  -0.0000000000000000     
  -4.3249210837409506E-018
  -2.7267961648960453E-017
  -2.6067616305618246E-016
  -2.8922439193195636E-015
  -3.2072594745886757E-014
  -3.5585838031491103E-013
  -3.9182260530454808E-012
  -4.0504276778822861E-011
  -3.6951082135949872E-010
  -2.6328042060324793E-009
  -1.1589030110686940E-008
  -2.7078930133427205E-008
  -3.3871639169198995E-008
  -2.9886115027252928E-008
  -0.0000000000000000     
  -0.0000000000000000     
  -0.0000000000000000     
  -0.0000000000000000     
  -0.0000000000000000     
  -0.0000000000000000     
  -0.0000000000000000     
  -0.0000000000000000     
  -0.0000000000000000     
  -0.0000000000000000     
  -0.0000000000000000     
  -0.0000000000000000     
  -0.0000000000000000     
  -0.0000000000000000     
  -0.0000000000000000     
  -0.0000000000000000     
  -0.0000000000000000     
  -0.0000000000000000     
  -0.0000000000000000     
  -0.0000000000000000     
  -0.0000000000000000     
  -0.0000000000000000     
  -0.0000000000000000     
  -0.0000000000000000     
  -0.0000000000000000     
  -0.0000000000000000     
  -0.0000000000000000     
  -0.0000000000000000     
  -0.0000000000000000     
  -0.0000000000000000     
  -0.0000000000000000     
  -0.0000000000000000     
  -0.0000000000000000     
  -0.0000000000000000     
  -0.0000000000000000     
  -0.0000000000000000     
  -0.0000000000000000     
  -0.0000000000000000     
  -0.0000000000000000     
  -0.0000000000000000     
  -0.0000000000000000     
  -0.0000000000000000     
  -0.0000000000000000     
  -0.0000000000000000     
  -0.0000000000000000     
  -0.0000000000000000     
  -0.0000000000000000     
  -0.0000000000000000     
  -0.0000000000000000     
  -0.0000000000000000     
  -0.0000000000000000     
  -0.0000000000000000     
  -0.0000000000000000     
  -0.0000000000000000     
  -0.0000000000000000     
  -0.0000000000000000     
  -0.0000000000000000     
  -0.0000000000000000     
  -0.0000000000000000     
  -0.0000000000000000     
  -0.0000000000000000     
  -0.0000000000000000     
  -0.0000000000000000     
  -0.0000000000000000     
  -0.0000000000000000     
  -0.0000000000000000     
  -0.0000000000000000     
  -0.0000000000000000     
  -0.0000000000000000     
  -0.0000000000000000     
  -0.0000000000000000     
  -0.0000000000000000     
  -0.0000000000000000     
  -0.0000000000000000     
  -0.0000000000000000     
  -0.0000000000000000     
  -0.0000000000000000     
  -0.0000000000000000     
  -0.0000000000000000     
  -1.8188200954587556E-018
  -1.1469874837596946E-017
  -1.0971187799394466E-016
  -1.2189981629527052E-015
  -1.3563795847734944E-014
  -1.5173492222888165E-013
  -1.7040112301181722E-012
  -1.8450020707400966E-011
  -1.8688226376540992E-010
  -1.6579355484078578E-009
  -1.0688609715268256E-008
  -4.1625013675998153E-008
  -8.2737493794250284E-008
  -9.5822661194470597E-008
  -0.0000000000000000     
  -0.0000000000000000     
  -0.0000000000000000     
  -0.0000000000000000     
  -0.0000000000000000     
  -0.0000000000000000     
  -0.0000000000000000     
  -0.0000000000000000     
  -0.0000000000000000     
  -0.0000000000000000     
  -0.0000000000000000     
  -0.0000000000000000     
  -0.0000000000000000     
  -0.0000000000000000     
  -0.0000000000000000     
  -0.0000000000000000     
  -0.0000000000000000     
  -0.0000000000000000     
  -0.0000000000000000     
  -0.0000000000000000     
  -0.0000000000000000     
  -0.0000000000000000     
  -0.0000000000000000     
  -0.0000000000000000     
  -0.0000000000000000     
  -0.0000000000000000     
  -0.0000000000000000     
  -0.0000000000000000     
  -0.0000000000000000     
  -0.0000000000000000     
  -0.0000000000000000     
  -0.0000000000000000     
  -0.0000000000000000     
  -0.0000000000000000     
  -0.0000000000000000     
  -0.0000000000000000     
  -0.0000000000000000     
  -0.0000000000000000     
  -0.0000000000000000     
  -0.0000000000000000     
  -0.0000000000000000     
  -0.0000000000000000     
  -0.0000000000000000     
  -0.0000000000000000     
  -0.0000000000000000     
  -0.0000000000000000     
  -0.0000000000000000     
  -0.0000000000000000     
  -0.0000000000000000     
  -0.0000000000000000     
  -0.0000000000000000     
  -0.0000000000000000     
  -0.0000000000000000     
  -0.0000000000000000     
  -0.0000000000000000     
  -0.0000000000000000     
  -0.0000000000000000     
  -0.0000000000000000     
  -0.0000000000000000     
  -0.0000000000000000     
  -0.0000000000000000     
  -0.0000000000000000     
  -0.0000000000000000     
  -0.0000000000000000     
  -0.0000000000000000     
  -0.0000000000000000     
  -0.0000000000000000     
  -0.0000000000000000     
  -0.0000000000000000     
  -0.0000000000000000     
  -0.0000000000000000     
  -0.0000000000000000     
  -0.0000000000000000     
  -0.0000000000000000     
  -0.0000000000000000     
  -0.0000000000000000     
  -0.0000000000000000     
  -0.0000000000000000     
  -0.0000000000000000     
  -0.0000000000000000     
  -0.0000000000000000     
  -0.0000000000000000     
  -0.0000000000000000     
  -0.0000000000000000     
  -0.0000000000000000     
  -0.0000000000000000     
  -0.0000000000000000     
  -0.0000000000000000     
  -7.6480686383605441E-019
  -4.8235628587810226E-018
  -4.6151531129322170E-017
  -5.1314918761111945E-016
  -5.7195604883897031E-015
  -6.4247342001620525E-014
  -7.2874171055587763E-013
  -8.0798669827988667E-012
  -8.6504904209637668E-011
  -8.6941355760906643E-010
  -7.1948037988925544E-009
  -4.2545132001937605E-008
  -1.3882800583581606E-007
  -2.3176744879959812E-007
  -0.0000000000000000     
  -0.0000000000000000     
  -0.0000000000000000     
  -0.0000000000000000     
  -0.0000000000000000     
  -0.0000000000000000     
  -0.0000000000000000     
  -0.0000000000000000     
  -0.0000000000000000     
  -0.0000000000000000     
  -0.0000000000000000     
  -0.0000000000000000     
  -0.0000000000000000     
  -0.0000000000000000     
  -0.0000000000000000     
  -0.0000000000000000     
  -0.0000000000000000     
  -0.0000000000000000     
  -0.0000000000000000     
  -0.0000000000000000     
  -0.0000000000000000     
  -0.0000000000000000     
  -0.0000000000000000     
  -0.0000000000000000     
  -0.0000000000000000     
  -0.0000000000000000     
  -0.0000000000000000     
  -0.0000000000000000     
  -0.0000000000000000     
  -0.0000000000000000     
  -0.0000000000000000     
  -0.0000000000000000     
  -0.0000000000000000     
  -0.0000000000000000     
  -0.0000000000000000     
  -0.0000000000000000     
  -0.0000000000000000     
  -0.0000000000000000     
  -0.0000000000000000     
  -0.0000000000000000     
  -0.0000000000000000     
  -0.0000000000000000     
  -0.0000000000000000     
  -0.0000000000000000     
  -0.0000000000000000     
  -0.0000000000000000     
  -0.0000000000000000     
  -0.0000000000000000     
  -0.0000000000000000     
  -0.0000000000000000     
  -0.0000000000000000     
  -0.0000000000000000     
  -0.0000000000000000     
  -0.0000000000000000     
  -0.0000000000000000     
  -0.0000000000000000     
  -0.0000000000000000     
  -0.0000000000000000     
  -0.0000000000000000     
  -0.0000000000000000     
  -0.0000000000000000     
  -0.0000000000000000     
  -0.0000000000000000     
  -0.0000000000000000     
  -0.0000000000000000     
  -0.0000000000000000     
  -0.0000000000000000     
  -0.0000000000000000     
  -0.0000000000000000     
  -0.0000000000000000     
  -0.0000000000000000     
  -0.0000000000000000     
  -0.0000000000000000     
  -0.0000000000000000     
  -0.0000000000000000     
  -0.0000000000000000     
  -0.0000000000000000     
  -0.0000000000000000     
  -0.0000000000000000     
  -0.0000000000000000     
  -0.0000000000000000     
  -0.0000000000000000     
  -0.0000000000000000     
  -0.0000000000000000     
  -0.0000000000000000     
  -0.0000000000000000     
  -0.0000000000000000     
  -0.0000000000000000     
  -0.0000000000000000     
  -0.0000000000000000     
  -0.0000000000000000     
  -0.0000000000000000     
  -0.0000000000000000     
  -0.0000000000000000     
  -0.0000000000000000     
  -0.0000000000000000     
  -0.0000000000000000     
  -3.2158001250684782E-019
  -2.0282843063319176E-018
  -1.9409243647343997E-017
  -2.1588390518788858E-016
  -2.4082968352008959E-015
  -2.7108066158589320E-014
  -3.0902526037971015E-013
  -3.4677037745871020E-012
  -3.8200721782652676E-011
  -4.1047154362785764E-010
  -3.9286948846613702E-009
  -3.0882704165267925E-008
  -1.5430130623897851E-007
  -3.8422657770738656E-007
  -0.0000000000000000     
  -0.0000000000000000     
  -0.0000000000000000     
  -0.0000000000000000     
  -0.0000000000000000     
  -0.0000000000000000     
  -0.0000000000000000     
  -0.0000000000000000     
  -0.0000000000000000     
  -0.0000000000000000     
  -0.0000000000000000     
  -0.0000000000000000     
  -0.0000000000000000     
  -0.0000000000000000     
  -0.0000000000000000     
  -0.0000000000000000     
  -0.0000000000000000     
  -0.0000000000000000     
  -0.0000000000000000     
  -0.0000000000000000     
  -0.0000000000000000     
  -0.0000000000000000     
  -0.0000000000000000     
  -0.0000000000000000     
  -0.0000000000000000     
  -0.0000000000000000     
  -0.0000000000000000     
  -0.0000000000000000     
  -0.0000000000000000     
  -0.0000000000000000     
  -0.0000000000000000     
  -0.0000000000000000     
  -0.0000000000000000     
  -0.0000000000000000     
  -0.0000000000000000     
  -0.0000000000000000     
  -0.0000000000000000     
  -0.0000000000000000     
  -0.0000000000000000     
  -0.0000000000000000     
  -0.0000000000000000     
  -0.0000000000000000     
  -0.0000000000000000     
  -0.0000000000000000     
  -0.0000000000000000     
  -0.0000000000000000     
  -0.0000000000000000     
  -0.0000000000000000     
  -0.0000000000000000     
  -0.0000000000000000     
  -0.0000000000000000     
  -0.0000000000000000     
  -0.0000000000000000     
  -0.0000000000000000     
  -0.0000000000000000     
  -0.0000000000000000     
  -0.0000000000000000     
  -0.0000000000000000     
  -0.0000000000000000     
  -0.0000000000000000     
  -0.0000000000000000     
  -0.0000000000000000     
  -0.0000000000000000     
  -0.0000000000000000     
  -0.0000000000000000     
  -0.0000000000000000     
  -0.0000000000000000     
  -0.0000000000000000     
  -0.0000000000000000     
  -0.0000000000000000     
  -0.0000000000000000     
  -0.0000000000000000     
  -0.0000000000000000     
  -0.0000000000000000     
  -0.0000000000000000     
  -0.0000000000000000     
  -0.0000000000000000     
  -0.0000000000000000     
  -0.0000000000000000     
  -0.0000000000000000     
  -0.0000000000000000     
  -0.0000000000000000     
  -0.0000000000000000     
  -0.0000000000000000     
  -0.0000000000000000     
  -0.0000000000000000     
  -0.0000000000000000     
  -0.0000000000000000     
  -0.0000000000000000     
  -0.0000000000000000     
  -0.0000000000000000     
  -0.0000000000000000     
  -0.0000000000000000     
  -0.0000000000000000     
  -0.0000000000000000     
  -0.0000000000000000     
  -0.0000000000000000     
  -0.0000000000000000     
  -0.0000000000000000     
  -0.0000000000000000     
  -0.0000000000000000     
  -0.0000000000000000     
  -0.0000000000000000     
  -0.0000000000000000     
  -0.0000000000000000     
  -0.0000000000000000     
  -1.3521159491747163E-019
  -8.5283600514600878E-019
  -8.1616152209152289E-018
  -9.0795608795570355E-017
  -1.0133046731238431E-015
  -1.1417658617319349E-014
  -1.3048596666755193E-013
  -1.4731157180848537E-012
  -1.6464798489616122E-011
  -1.8315005014165225E-010
  -1.8969905317994236E-009
  -1.7680612398140743E-008
  -1.1946458428804779E-007
  -4.2204742604957480E-007
  -0.0000000000000000     
  -0.0000000000000000     
  -0.0000000000000000     
  -0.0000000000000000     
  -0.0000000000000000     
  -0.0000000000000000     
  -0.0000000000000000     
  -0.0000000000000000     
  -0.0000000000000000     
  -0.0000000000000000     
  -0.0000000000000000     
  -0.0000000000000000     
  -0.0000000000000000     
  -0.0000000000000000     
  -0.0000000000000000     
  -0.0000000000000000     
  -0.0000000000000000     
  -0.0000000000000000     
  -0.0000000000000000     
  -0.0000000000000000     
  -0.0000000000000000     
  -0.0000000000000000     
  -0.0000000000000000     
  -0.0000000000000000     
  -0.0000000000000000     
  -0.0000000000000000     
  -0.0000000000000000     
  -0.0000000000000000     
  -0.0000000000000000     
  -0.0000000000000000     
  -0.0000000000000000     
  -0.0000000000000000     
  -0.0000000000000000     
  -0.0000000000000000     
  -0.0000000000000000     
  -0.0000000000000000     
  -0.0000000000000000     
  -0.0000000000000000     
  -0.0000000000000000     
  -0.0000000000000000     
  -0.0000000000000000     
  -0.0000000000000000     
  -0.0000000000000000     
  -0.0000000000000000     
  -0.0000000000000000     
  -0.0000000000000000     
  -0.0000000000000000     
  -0.0000000000000000     
  -0.0000000000000000     
  -0.0000000000000000     
  -0.0000000000000000     
  -0.0000000000000000     
  -0.0000000000000000     
  -0.0000000000000000     
  -0.0000000000000000     
  -0.0000000000000000     
  -0.0000000000000000     
  -0.0000000000000000     
  -0.0000000000000000     
  -0.0000000000000000     
  -0.0000000000000000     
  -0.0000000000000000     
  -0.0000000000000000     
  -0.0000000000000000     
  -0.0000000000000000     
  -0.0000000000000000     
  -0.0000000000000000     
  -0.0000000000000000     
  -0.0000000000000000     
  -0.0000000000000000     
  -0.0000000000000000     
  -0.0000000000000000     
  -0.0000000000000000     
  -0.0000000000000000     
  -0.0000000000000000     
  -0.0000000000000000     
  -0.0000000000000000     
  -0.0000000000000000     
  -0.0000000000000000     
  -0.0000000000000000     
  -0.0000000000000000     
  -0.0000000000000000     
  -0.0000000000000000     
  -0.0000000000000000     
  -0.0000000000000000     
  -0.0000000000000000     
  -0.0000000000000000     
  -0.0000000000000000     
  -0.0000000000000000     
  -0.0000000000000000     
  -0.0000000000000000     
  -0.0000000000000000     
  -0.0000000000000000     
  -0.0000000000000000     
  -0.0000000000000000     
  -0.0000000000000000     
  -0.0000000000000000     
  -0.0000000000000000     
  -0.0000000000000000     
  -0.0000000000000000     
  -0.0000000000000000     
  -0.0000000000000000     
  -0.0000000000000000     
  -0.0000000000000000     
  -0.0000000000000000     
  -0.0000000000000000     
  -0.0000000000000000     
  -0.0000000000000000     
  -0.0000000000000000     
  -0.0000000000000000     
  -0.0000000000000000     
  -0.0000000000000000     
  -0.0000000000000000     
  -0.0000000000000000     
  -0.0000000000000000     
  -5.6850283180205201E-020
  -3.5858335678366239E-019
  -3.4317537879025782E-018
  -3.8180656506552676E-017
  -4.2619793228752547E-016
  -4.8047711766004299E-015
  -5.4980137902929104E-014
  -6.2258050694805193E-013
  -7.0094487145765180E-012
  -7.9358149863959294E-011
  -8.5653522967458050E-010
  -8.7691325763011926E-009
  -7.1313236791785733E-008
  -3.2375782494301393E-007
  -0.0000000000000000     
  -0.0000000000000000     
  -0.0000000000000000     
  -0.0000000000000000     
  -0.0000000000000000     
  -0.0000000000000000     
  -0.0000000000000000     
  -0.0000000000000000     
  -0.0000000000000000     
  -0.0000000000000000     
  -0.0000000000000000     
  -0.0000000000000000     
  -0.0000000000000000     
  -0.0000000000000000     
  -0.0000000000000000     
  -0.0000000000000000     
  -0.0000000000000000     
  -0.0000000000000000     
  -0.0000000000000000     
  -0.0000000000000000     
  -0.0000000000000000     
  -0.0000000000000000     
  -0.0000000000000000     
  -0.0000000000000000     
  -0.0000000000000000     
  -0.0000000000000000     
  -0.0000000000000000     
  -0.0000000000000000     
  -0.0000000000000000     
  -0.0000000000000000     
  -0.0000000000000000     
  -0.0000000000000000     
  -0.0000000000000000     
  -0.0000000000000000     
  -0.0000000000000000     
  -0.0000000000000000     
  -0.0000000000000000     
  -0.0000000000000000     
  -0.0000000000000000     
  -0.0000000000000000     
  -0.0000000000000000     
  -0.0000000000000000     
  -0.0000000000000000     
  -0.0000000000000000     
  -0.0000000000000000     
  -0.0000000000000000     
  -0.0000000000000000     
  -0.0000000000000000     
  -0.0000000000000000     
  -0.0000000000000000     
  -0.0000000000000000     
  -0.0000000000000000     
  -0.0000000000000000     
  -0.0000000000000000     
  -0.0000000000000000     
  -0.0000000000000000     
  -0.0000000000000000     
  -0.0000000000000000     
  -0.0000000000000000     
  -0.0000000000000000     
  -0.0000000000000000     
  -0.0000000000000000     
  -0.0000000000000000     
  -0.0000000000000000     
  -0.0000000000000000     
  -0.0000000000000000     
  -0.0000000000000000     
  -0.0000000000000000     
  -0.0000000000000000     
  -0.0000000000000000     
  -0.0000000000000000     
  -0.0000000000000000     
  -0.0000000000000000     
  -0.0000000000000000     
  -0.0000000000000000     
  -0.0000000000000000     
  -0.0000000000000000     
  -0.0000000000000000     
  -0.0000000000000000     
  -0.0000000000000000     
  -0.0000000000000000     
  -0.0000000000000000     
  -0.0000000000000000     
  -0.0000000000000000     
  -0.0000000000000000     
  -0.0000000000000000     
  -0.0000000000000000     
  -0.0000000000000000     
  -0.0000000000000000     
  -0.0000000000000000     
  -0.0000000000000000     
  -0.0000000000000000     
  -0.0000000000000000     
  -0.0000000000000000     
  -0.0000000000000000     
  -0.0000000000000000     
  -0.0000000000000000     
  -0.0000000000000000     
  -0.0000000000000000     
  -0.0000000000000000     
  -0.0000000000000000     
  -0.0000000000000000     
  -0.0000000000000000     
  -0.0000000000000000     
  -0.0000000000000000     
  -0.0000000000000000     
  -0.0000000000000000     
  -0.0000000000000000     
  -0.0000000000000000     
  -0.0000000000000000     
  -0.0000000000000000     
  -0.0000000000000000     
  -0.0000000000000000     
  -0.0000000000000000     
  -0.0000000000000000     
  -0.0000000000000000     
  -0.0000000000000000     
  -0.0000000000000000     
  -0.0000000000000000     
  -0.0000000000000000     
  -0.0000000000000000     
  -0.0000000000000000     
  -0.0000000000000000     
  -0.0000000000000000     
  -0.0000000000000000     
  -0.0000000000000000     
  -0.0000000000000000     
  -0.0000000000000000     
  -0.0000000000000000     
  -0.0000000000000000     
  -0.0000000000000000     
  -0.0000000000000000     
  -0.0000000000000000     
  -0.0000000000000000     
  -0.0000000000000000     
  -0.0000000000000000     
  -0.0000000000000000     
  -0.0000000000000000     
  -2.3613556217542105E-010
  -0.0000000000000000     
  -0.0000000000000000     
  -6.5619922658299604E-010
  -0.0000000000000000     
  -0.0000000000000000     
  -1.5272867031376770E-009
  -0.0000000000000000     
  -0.0000000000000000     
  -2.0733427592730022E-009
  -0.0000000000000000     
  -0.0000000000000000     
  -1.7698760169239924E-009
  -0.0000000000000000     
  -0.0000000000000000     
  -1.2498762512362430E-009
  -0.0000000000000000     
  -0.0000000000000000     
  -6.7191737866622069E-010
  -0.0000000000000000     
  -0.0000000000000000     
  -3.2111848598096822E-010
  -0.0000000000000000     
  -0.0000000000000000     
  -1.4414571643456559E-010
  -0.0000000000000000     
  -0.0000000000000000     
  -6.2644472089268620E-011
  -0.0000000000000000     
  -0.0000000000000000     
  -2.6780539566523679E-011
  -0.0000000000000000     
  -0.0000000000000000     
  -0.0000000000000000     
  -0.0000000000000000     
  -0.0000000000000000     
  -0.0000000000000000     
  -0.0000000000000000     
  -0.0000000000000000     
  -0.0000000000000000     
  -0.0000000000000000     
  -0.0000000000000000     
  -0.0000000000000000     
  -0.0000000000000000     
  -0.0000000000000000     
  -0.0000000000000000     
  -0.0000000000000000     
  -0.0000000000000000     
  -7.8711857306077879E-011
  -0.0000000000000000     
  -0.0000000000000000     
  -2.1873308872273490E-010
  -0.0000000000000000     
  -0.0000000000000000     
  -5.0909561274744496E-010
  -0.0000000000000000     
  -0.0000000000000000     
  -6.9111433296067252E-010
  -0.0000000000000000     
  -0.0000000000000000     
  -5.8995875218900839E-010
  -0.0000000000000000     
  -0.0000000000000000     
  -4.1662547784692203E-010
  -0.0000000000000000     
  -0.0000000000000000     
  -2.2397249405740451E-010
  -0.0000000000000000     
  -0.0000000000000000     
  -1.0703951229212905E-010
  -0.0000000000000000     
  -0.0000000000000000     
  -4.8048579871844351E-011
  -0.0000000000000000     
  -0.0000000000000000     
  -2.0881494079285158E-011
  -0.0000000000000000     
  -0.0000000000000000     
  -8.9268479737052868E-012
  -0.0000000000000000     
  -0.0000000000000000     
  -0.0000000000000000     
  -0.0000000000000000     
  -0.0000000000000000     
  -0.0000000000000000     
  -0.0000000000000000     
  -0.0000000000000000     
  -0.0000000000000000     
  -0.0000000000000000     
  -0.0000000000000000     
  -0.0000000000000000     
  -0.0000000000000000     
  -0.0000000000000000     
  -0.0000000000000000     
  -0.0000000000000000     
  -0.0000000000000000     
  -0.0000000000000000     
  -2.3613557191823364E-010
  -0.0000000000000000     
  -0.0000000000000000     
  -6.5619926616820464E-010
  -0.0000000000000000     
  -0.0000000000000000     
  -1.5272868382423345E-009
  -0.0000000000000000     
  -0.0000000000000000     
  -2.0733429988820173E-009
  -0.0000000000000000     
  -0.0000000000000000     
  -1.7698762565670253E-009
  -0.0000000000000000     
  -0.0000000000000000     
  -1.2498764335407663E-009
  -0.0000000000000000     
  -0.0000000000000000     
  -6.7191748217221334E-010
  -0.0000000000000000     
  -0.0000000000000000     
  -3.2111853687638716E-010
  -0.0000000000000000     
  -0.0000000000000000     
  -1.4414573961553305E-010
  -0.0000000000000000     
  -0.0000000000000000     
  -6.2644482237855467E-011
  -0.0000000000000000     
  -0.0000000000000000     
  -2.6780543921115857E-011
  -0.0000000000000000     
  -0.0000000000000000     
  -0.0000000000000000     
  -0.0000000000000000     
  -0.0000000000000000     
  -0.0000000000000000     
  -0.0000000000000000     
  -0.0000000000000000     
  -0.0000000000000000     
  -0.0000000000000000     
  -0.0000000000000000     
  -0.0000000000000000     
  -0.0000000000000000     
  -0.0000000000000000     
  -0.0000000000000000     
  -0.0000000000000000     
  -0.0000000000000000     
  -0.0000000000000000     
  -0.0000000000000000     
  -0.0000000000000000     
  -1.3633293601223845E-010
  -0.0000000000000000     
  -0.0000000000000000     
  -3.7885682296424786E-010
  -0.0000000000000000     
  -0.0000000000000000     
  -8.8177946718898442E-010
  -0.0000000000000000     
  -0.0000000000000000     
  -1.1970451385269586E-009
  -0.0000000000000000     
  -0.0000000000000000     
  -1.0218385331612989E-009
  -0.0000000000000000     
  -0.0000000000000000     
  -7.2161649535853082E-010
  -0.0000000000000000     
  -0.0000000000000000     
  -3.8793173920534301E-010
  -0.0000000000000000     
  -0.0000000000000000     
  -1.8539787370736090E-010
  -0.0000000000000000     
  -0.0000000000000000     
  -8.3222581569565714E-011
  -0.0000000000000000     
  -0.0000000000000000     
  -3.6167808683270596E-011
  -0.0000000000000000     
  -0.0000000000000000     
  -1.5461754241900836E-011
  -0.0000000000000000     
  -0.0000000000000000     
  -0.0000000000000000     
  -0.0000000000000000     
  -0.0000000000000000     
  -0.0000000000000000     
  -0.0000000000000000     
  -0.0000000000000000     
  -0.0000000000000000     
  -0.0000000000000000     
  -0.0000000000000000     
  -0.0000000000000000     
  -0.0000000000000000     
  -0.0000000000000000     
  -0.0000000000000000     
  -0.0000000000000000     
  -0.0000000000000000     
  -0.0000000000000000     
  -0.0000000000000000     
  -0.0000000000000000     
  -0.0000000000000000     
  -4.0899880803671531E-010
  -0.0000000000000000     
  -0.0000000000000000     
  -1.1365704688927434E-009
  -0.0000000000000000     
  -0.0000000000000000     
  -2.6453384015669520E-009
  -0.0000000000000000     
  -0.0000000000000000     
  -3.5911354155808756E-009
  -0.0000000000000000     
  -0.0000000000000000     
  -3.0655155994838974E-009
  -0.0000000000000000     
  -0.0000000000000000     
  -2.1648494860755930E-009
  -0.0000000000000000     
  -0.0000000000000000     
  -1.1637952176160289E-009
  -0.0000000000000000     
  -0.0000000000000000     
  -5.5619362112208272E-010
  -0.0000000000000000     
  -0.0000000000000000     
  -2.4966774470869719E-010
  -0.0000000000000000     
  -0.0000000000000000     
  -1.0850342604981177E-010
  -0.0000000000000000     
  -0.0000000000000000     
  -4.6385262725702508E-011
  -0.0000000000000000     
  -0.0000000000000000     
  -0.0000000000000000     
  -0.0000000000000000     
  -0.0000000000000000     
  -0.0000000000000000     
  -0.0000000000000000     
  -0.0000000000000000     
  -0.0000000000000000     
  -0.0000000000000000     
  -0.0000000000000000     
  -0.0000000000000000     
  -0.0000000000000000     
  -0.0000000000000000     
  -0.0000000000000000     
  -0.0000000000000000     
  -0.0000000000000000     
  -0.0000000000000000     
  -0.0000000000000000     
  -0.0000000000000000     
  -0.0000000000000000     
  -0.0000000000000000     
  -0.0000000000000000     
  -0.0000000000000000     
  -0.0000000000000000     
  -0.0000000000000000     
  -0.0000000000000000     
  -0.0000000000000000     
  -0.0000000000000000     
  -0.0000000000000000     
  -0.0000000000000000     
  -0.0000000000000000     
  -0.0000000000000000     
  -0.0000000000000000     
  -0.0000000000000000     
  -0.0000000000000000     
  -0.0000000000000000     
  -0.0000000000000000     
  -0.0000000000000000     
  -0.0000000000000000     
  -0.0000000000000000     
  -0.0000000000000000     
  -0.0000000000000000     
  -0.0000000000000000     
  -0.0000000000000000     
  -0.0000000000000000     
  -0.0000000000000000     
  -0.0000000000000000     
  -0.0000000000000000     
  -0.0000000000000000     
  -0.0000000000000000     
  -0.0000000000000000     
  -0.0000000000000000     
  -0.0000000000000000     
  -0.0000000000000000     
  -0.0000000000000000     
  -0.0000000000000000     
  -0.0000000000000000     
  -0.0000000000000000     
  -0.0000000000000000     
  -0.0000000000000000     
  -0.0000000000000000     
  -0.0000000000000000     
  -0.0000000000000000     
  -0.0000000000000000     
  -0.0000000000000000     
  -0.0000000000000000     
  -0.0000000000000000     
  -0.0000000000000000     
  -0.0000000000000000     
  -0.0000000000000000     
  -0.0000000000000000     
  -1.2896037650036209E-010
  -0.0000000000000000     
  -0.0000000000000000     
  -4.8929501843542789E-010
  -0.0000000000000000     
  -0.0000000000000000     
  -1.8830532893825767E-009
  -0.0000000000000000     
  -0.0000000000000000     
  -4.4052296995390826E-009
  -0.0000000000000000     
  -0.0000000000000000     
  -5.8656306176666852E-009
  -0.0000000000000000     
  -0.0000000000000000     
  -5.3366458448122976E-009
  -0.0000000000000000     
  -0.0000000000000000     
  -3.5351826024853421E-009
  -0.0000000000000000     
  -0.0000000000000000     
  -1.9004686060449442E-009
  -0.0000000000000000     
  -0.0000000000000000     
  -9.0825987769388084E-010
  -0.0000000000000000     
  -0.0000000000000000     
  -4.0770549036534841E-010
  -0.0000000000000000     
  -0.0000000000000000     
  -1.7718525231136638E-010
  -0.0000000000000000     
  -0.0000000000000000     
  -0.0000000000000000     
  -0.0000000000000000     
  -0.0000000000000000     
  -0.0000000000000000     
  -0.0000000000000000     
  -0.0000000000000000     
  -0.0000000000000000     
  -0.0000000000000000     
  -0.0000000000000000     
  -0.0000000000000000     
  -0.0000000000000000     
  -0.0000000000000000     
  -0.0000000000000000     
  -0.0000000000000000     
  -0.0000000000000000     
  -0.0000000000000000     
  -0.0000000000000000     
  -0.0000000000000000     
  -0.0000000000000000     
  -0.0000000000000000     
  -0.0000000000000000     
  -4.2986794197022320E-011
  -0.0000000000000000     
  -0.0000000000000000     
  -1.6309835154795307E-010
  -0.0000000000000000     
  -0.0000000000000000     
  -6.2768450596134006E-010
  -0.0000000000000000     
  -0.0000000000000000     
  -1.4684101625580420E-009
  -0.0000000000000000     
  -0.0000000000000000     
  -1.9552106582871231E-009
  -0.0000000000000000     
  -0.0000000000000000     
  -1.7788824173368666E-009
  -0.0000000000000000     
  -0.0000000000000000     
  -1.1783945445850767E-009
  -0.0000000000000000     
  -0.0000000000000000     
  -6.3348973052104116E-010
  -0.0000000000000000     
  -0.0000000000000000     
  -3.0275338853392676E-010
  -0.0000000000000000     
  -0.0000000000000000     
  -1.3590187383222371E-010
  -0.0000000000000000     
  -0.0000000000000000     
  -5.9061769906809717E-011
  -0.0000000000000000     
  -0.0000000000000000     
  -0.0000000000000000     
  -0.0000000000000000     
  -0.0000000000000000     
  -0.0000000000000000     
  -0.0000000000000000     
  -0.0000000000000000     
  -0.0000000000000000     
  -0.0000000000000000     
  -0.0000000000000000     
  -0.0000000000000000     
  -0.0000000000000000     
  -0.0000000000000000     
  -0.0000000000000000     
  -0.0000000000000000     
  -0.0000000000000000     
  -0.0000000000000000     
  -0.0000000000000000     
  -0.0000000000000000     
  -0.0000000000000000     
  -0.0000000000000000     
  -0.0000000000000000     
  -0.0000000000000000     
  -1.2896038259106699E-010
  -0.0000000000000000     
  -0.0000000000000000     
  -4.8929505464385920E-010
  -0.0000000000000000     
  -0.0000000000000000     
  -1.8830535178840203E-009
  -0.0000000000000000     
  -0.0000000000000000     
  -4.4052304876741265E-009
  -0.0000000000000000     
  -0.0000000000000000     
  -5.8656319748613678E-009
  -0.0000000000000000     
  -0.0000000000000000     
  -5.3366472520105983E-009
  -0.0000000000000000     
  -0.0000000000000000     
  -3.5351836337552304E-009
  -0.0000000000000000     
  -0.0000000000000000     
  -1.9004691915631237E-009
  -0.0000000000000000     
  -0.0000000000000000     
  -9.0826016560178024E-010
  -0.0000000000000000     
  -0.0000000000000000     
  -4.0770562149667109E-010
  -0.0000000000000000     
  -0.0000000000000000     
  -1.7718530972042914E-010
  -0.0000000000000000     
  -0.0000000000000000     
  -0.0000000000000000     
  -0.0000000000000000     
  -0.0000000000000000     
  -0.0000000000000000     
  -0.0000000000000000     
  -0.0000000000000000     
  -0.0000000000000000     
  -0.0000000000000000     
  -0.0000000000000000     
  -0.0000000000000000     
  -0.0000000000000000     
  -0.0000000000000000     
  -0.0000000000000000     
  -0.0000000000000000     
  -0.0000000000000000     
  -0.0000000000000000     
  -0.0000000000000000     
  -0.0000000000000000     
  -0.0000000000000000     
  -0.0000000000000000     
  -0.0000000000000000     
  -0.0000000000000000     
  -0.0000000000000000     
  -0.0000000000000000     
  -7.4455311603749650E-011
  -0.0000000000000000     
  -0.0000000000000000     
  -2.8249463151178478E-010
  -0.0000000000000000     
  -0.0000000000000000     
  -1.0871814554488108E-009
  -0.0000000000000000     
  -0.0000000000000000     
  -2.5433610079010027E-009
  -0.0000000000000000     
  -0.0000000000000000     
  -3.3865241996534879E-009
  -0.0000000000000000     
  -0.0000000000000000     
  -3.0811147275183962E-009
  -0.0000000000000000     
  -0.0000000000000000     
  -2.0410392225833414E-009
  -0.0000000000000000     
  -0.0000000000000000     
  -1.0972363993355598E-009
  -0.0000000000000000     
  -0.0000000000000000     
  -5.2438425110440214E-010
  -0.0000000000000000     
  -0.0000000000000000     
  -2.3538895032122678E-010
  -0.0000000000000000     
  -0.0000000000000000     
  -1.0229798626353696E-010
  -0.0000000000000000     
  -0.0000000000000000     
  -0.0000000000000000     
  -0.0000000000000000     
  -0.0000000000000000     
  -0.0000000000000000     
  -0.0000000000000000     
  -0.0000000000000000     
  -0.0000000000000000     
  -0.0000000000000000     
  -0.0000000000000000     
  -0.0000000000000000     
  -0.0000000000000000     
  -0.0000000000000000     
  -0.0000000000000000     
  -0.0000000000000000     
  -0.0000000000000000     
  -0.0000000000000000     
  -0.0000000000000000     
  -0.0000000000000000     
  -0.0000000000000000     
  -0.0000000000000000     
  -0.0000000000000000     
  -0.0000000000000000     
  -0.0000000000000000     
  -0.0000000000000000     
  -0.0000000000000000     
  -2.2336593481124898E-010
  -0.0000000000000000     
  -0.0000000000000000     
  -8.4748389453535418E-010
  -0.0000000000000000     
  -0.0000000000000000     
  -3.2615443663464323E-009
  -0.0000000000000000     
  -0.0000000000000000     
  -7.6300830237030088E-009
  -0.0000000000000000     
  -0.0000000000000000     
  -1.0159572598960463E-008
  -0.0000000000000000     
  -0.0000000000000000     
  -9.2433441825551870E-009
  -0.0000000000000000     
  -0.0000000000000000     
  -6.1231176677500245E-009
  -0.0000000000000000     
  -0.0000000000000000     
  -3.2917091980066793E-009
  -0.0000000000000000     
  -0.0000000000000000     
  -1.5731527533132061E-009
  -0.0000000000000000     
  -0.0000000000000000     
  -7.0616685096368008E-010
  -0.0000000000000000     
  -0.0000000000000000     
  -3.0689395879061089E-010
  -0.0000000000000000     
  -0.0000000000000000     
  -0.0000000000000000     
  -0.0000000000000000     
  -0.0000000000000000     
  -0.0000000000000000     
  -0.0000000000000000     
  -0.0000000000000000     
  -0.0000000000000000     
  -0.0000000000000000     
  -0.0000000000000000     
  -0.0000000000000000     
  -0.0000000000000000     
  -0.0000000000000000     
  -0.0000000000000000     
  -0.0000000000000000     
  -0.0000000000000000     
  -0.0000000000000000     
  -0.0000000000000000     
  -0.0000000000000000     
  -0.0000000000000000     
  -0.0000000000000000     
  -0.0000000000000000     
  -0.0000000000000000     
  -0.0000000000000000     
  -0.0000000000000000     
  -0.0000000000000000     
  -0.0000000000000000     
  -0.0000000000000000     
  -0.0000000000000000     
  -0.0000000000000000     
  -0.0000000000000000     
  -0.0000000000000000     
  -0.0000000000000000     
  -0.0000000000000000     
  -0.0000000000000000     
  -0.0000000000000000     
  -0.0000000000000000     
  -0.0000000000000000     
  -0.0000000000000000     
  -0.0000000000000000     
  -0.0000000000000000     
  -0.0000000000000000     
  -0.0000000000000000     
  -0.0000000000000000     
  -0.0000000000000000     
  -0.0000000000000000     
  -0.0000000000000000     
  -0.0000000000000000     
  -0.0000000000000000     
  -0.0000000000000000     
  -0.0000000000000000     
  -0.0000000000000000     
  -0.0000000000000000     
  -0.0000000000000000     
  -0.0000000000000000     
  -0.0000000000000000     
  -0.0000000000000000     
  -0.0000000000000000     
  -0.0000000000000000     
  -0.0000000000000000     
  -0.0000000000000000     
  -0.0000000000000000     
  -0.0000000000000000     
  -0.0000000000000000     
  -0.0000000000000000     
  -0.0000000000000000     
  -0.0000000000000000     
  -0.0000000000000000     
  -0.0000000000000000     
  -1.8714510080149606E-019
  -2.2922421736951731E-018
  -4.9094742140399195E-017
  -1.2612639811725607E-015
  -3.0844303496841258E-014
  -6.7510619406936236E-013
  -1.1488808587848194E-011
  -1.1583053839474017E-010
  -5.3951130817702150E-010
  -1.0863840347724978E-009
  -1.1360137676304898E-009
  -8.1406042119206610E-010
  -4.9790852428890554E-010
  -3.1691354752141144E-010
  -0.0000000000000000     
  -0.0000000000000000     
  -0.0000000000000000     
  -0.0000000000000000     
  -0.0000000000000000     
  -0.0000000000000000     
  -0.0000000000000000     
  -0.0000000000000000     
  -0.0000000000000000     
  -0.0000000000000000     
  -0.0000000000000000     
  -0.0000000000000000     
  -0.0000000000000000     
  -0.0000000000000000     
  -0.0000000000000000     
  -0.0000000000000000     
  -0.0000000000000000     
  -0.0000000000000000     
  -0.0000000000000000     
  -0.0000000000000000     
  -0.0000000000000000     
  -0.0000000000000000     
  -0.0000000000000000     
  -0.0000000000000000     
  -0.0000000000000000     
  -0.0000000000000000     
  -0.0000000000000000     
  -0.0000000000000000     
  -0.0000000000000000     
  -0.0000000000000000     
  -0.0000000000000000     
  -0.0000000000000000     
  -0.0000000000000000     
  -1.4203045524954452E-009
  -2.8406093069383057E-010
  -8.5218279208149182E-010
  -0.0000000000000000     
  -0.0000000000000000     
  -0.0000000000000000     
  -1.6305354454320270E-009
  -3.2610711872578644E-010
  -9.7832135617735938E-010
  -0.0000000000000000     
  -0.0000000000000000     
  -0.0000000000000000     
  -0.0000000000000000     
  -0.0000000000000000     
  -0.0000000000000000     
  -0.0000000000000000     
  -0.0000000000000000     
  -0.0000000000000000     
  -0.0000000000000000     
  -0.0000000000000000     
  -0.0000000000000000     
  -0.0000000000000000     
  -0.0000000000000000     
  -0.0000000000000000     
  -0.0000000000000000     
  -0.0000000000000000     
  -0.0000000000000000     
  -0.0000000000000000     
  -0.0000000000000000     
  -0.0000000000000000     
  -0.0000000000000000     
  -0.0000000000000000     
  -0.0000000000000000     
  -0.0000000000000000     
  -0.0000000000000000     
  -0.0000000000000000     
  -0.0000000000000000     
  -0.0000000000000000     
  -0.0000000000000000     
  -0.0000000000000000     
  -0.0000000000000000     
  -0.0000000000000000     
  -0.0000000000000000     
  -0.0000000000000000     
  -0.0000000000000000     
  -0.0000000000000000     
  -0.0000000000000000     
  -0.0000000000000000     
  -0.0000000000000000     
  -0.0000000000000000     
  -0.0000000000000000     
  -0.0000000000000000     
  -0.0000000000000000     
  -0.0000000000000000     
  -0.0000000000000000     
  -0.0000000000000000     
  -0.0000000000000000     
  -0.0000000000000000     
  -0.0000000000000000     
  -0.0000000000000000     
  -0.0000000000000000     
  -0.0000000000000000     
  -0.0000000000000000     
  -4.9200799938533617E-010
  -0.0000000000000000     
  -0.0000000000000000     
  -0.0000000000000000     
  -0.0000000000000000     
  -0.0000000000000000     
  -5.6483414967987478E-010
  -0.0000000000000000     
  -0.0000000000000000     
  -0.0000000000000000     
  -0.0000000000000000     
  -0.0000000000000000     
  -0.0000000000000000     
  -0.0000000000000000     
  -0.0000000000000000     
  -0.0000000000000000     
  -0.0000000000000000     
  -0.0000000000000000     
  -0.0000000000000000     
  -0.0000000000000000     
  -0.0000000000000000     
  -0.0000000000000000     
  -0.0000000000000000     
  -0.0000000000000000     
  -0.0000000000000000     
  -0.0000000000000000     
  -0.0000000000000000     
  -0.0000000000000000     
  -0.0000000000000000     
  -0.0000000000000000     
  -0.0000000000000000     
  -0.0000000000000000     
  -0.0000000000000000     
  -0.0000000000000000     
  -0.0000000000000000     
  -0.0000000000000000     
  -0.0000000000000000     
  -0.0000000000000000     
  -0.0000000000000000     
  -0.0000000000000000     
  -0.0000000000000000     
  -0.0000000000000000     
  -0.0000000000000000     
  -0.0000000000000000     
  -0.0000000000000000     
  -0.0000000000000000     
  -0.0000000000000000     
  -0.0000000000000000     
  -0.0000000000000000     
  -0.0000000000000000     
  -0.0000000000000000     
  -0.0000000000000000     
  -0.0000000000000000     
  -0.0000000000000000     
  -0.0000000000000000     
  -0.0000000000000000     
  -0.0000000000000000     
  -0.0000000000000000     
  -0.0000000000000000     
  -0.0000000000000000     
  -0.0000000000000000     
  -0.0000000000000000     
  -2.4600399969266809E-009
  -0.0000000000000000     
  -0.0000000000000000     
  -0.0000000000000000     
  -0.0000000000000000     
  -0.0000000000000000     
  -2.8241707483993737E-009
  -0.0000000000000000     
  -0.0000000000000000     
  -0.0000000000000000     
  -0.0000000000000000     
  -0.0000000000000000     
  -0.0000000000000000     
  -0.0000000000000000     
  -0.0000000000000000     
  -0.0000000000000000     
  -0.0000000000000000     
  -0.0000000000000000     
  -0.0000000000000000     
  -0.0000000000000000     
  -0.0000000000000000     
  -0.0000000000000000     
  -0.0000000000000000     
  -0.0000000000000000     
  -0.0000000000000000     
  -0.0000000000000000     
  -0.0000000000000000     
  -0.0000000000000000     
  -0.0000000000000000     
  -0.0000000000000000     
  -0.0000000000000000     
  -0.0000000000000000     
  -0.0000000000000000     
  -0.0000000000000000     
  -0.0000000000000000     
  -0.0000000000000000     
  -0.0000000000000000     
  -0.0000000000000000     
  -0.0000000000000000     
  -0.0000000000000000     
  -0.0000000000000000     
  -0.0000000000000000     
  -0.0000000000000000     
  -0.0000000000000000     
  -0.0000000000000000     
  -0.0000000000000000     
  -0.0000000000000000     
  -0.0000000000000000     
  -0.0000000000000000     
  -0.0000000000000000     
  -0.0000000000000000     
  -0.0000000000000000     
  -0.0000000000000000     
  -0.0000000000000000     
  -0.0000000000000000     
  -0.0000000000000000     
  -0.0000000000000000     
  -0.0000000000000000     
  -0.0000000000000000     
  -0.0000000000000000     
  -0.0000000000000000     
  -1.1001632538853853E-009
  -0.0000000000000000     
  -0.0000000000000000     
  -0.0000000000000000     
  -0.0000000000000000     
  -0.0000000000000000     
  -1.2630074399046554E-009
  -0.0000000000000000     
  -0.0000000000000000     
  -0.0000000000000000     
  -0.0000000000000000     
  -0.0000000000000000     
  -0.0000000000000000     
  -0.0000000000000000     
  -0.0000000000000000     
  -0.0000000000000000     
  -0.0000000000000000     
  -0.0000000000000000     
  -0.0000000000000000     
  -0.0000000000000000     
  -0.0000000000000000     
  -0.0000000000000000     
  -0.0000000000000000     
  -0.0000000000000000     
  -0.0000000000000000     
  -0.0000000000000000     
  -0.0000000000000000     
  -0.0000000000000000     
  -0.0000000000000000     
  -0.0000000000000000     
  -0.0000000000000000     
  -0.0000000000000000     
  -0.0000000000000000     
  -0.0000000000000000     
  -0.0000000000000000     
  -0.0000000000000000     
  -0.0000000000000000     
  -0.0000000000000000     
  -0.0000000000000000     
  -0.0000000000000000     
  -0.0000000000000000     
  -0.0000000000000000     
  -0.0000000000000000     
  -0.0000000000000000     
  -0.0000000000000000     
  -0.0000000000000000     
  -0.0000000000000000     
  -0.0000000000000000     
  -0.0000000000000000     
  -0.0000000000000000     
  -0.0000000000000000     
  -0.0000000000000000     
  -0.0000000000000000     
  -0.0000000000000000     
  -0.0000000000000000     
  -0.0000000000000000     
  -0.0000000000000000     
  -0.0000000000000000     
  -0.0000000000000000     
  -0.0000000000000000     
  -0.0000000000000000     
  -0.0000000000000000     
  -0.0000000000000000     
  -0.0000000000000000     
  -3.3004897616561560E-009
  -0.0000000000000000     
  -0.0000000000000000     
  -0.0000000000000000     
  -0.0000000000000000     
  -0.0000000000000000     
  -3.7890223197139669E-009
  -0.0000000000000000     
  -0.0000000000000000     
  -0.0000000000000000     
  -0.0000000000000000     
  -0.0000000000000000     
  -0.0000000000000000     
  -1.3948972237430977E-019
  -1.7085364410200821E-018
  -3.6593060283472449E-017
  -9.4009066825802920E-016
  -2.2989986547616797E-014
  -5.0319445244458815E-013
  -8.5632525173046759E-012
  -8.6334989609636033E-011
  -4.0212801469608731E-010
  -8.0974292720443410E-010
  -8.4673476311090008E-010
  -6.0676488553542846E-010
  -3.7111914793039581E-010
  -2.3621344113793053E-010
  -0.0000000000000000     
  -0.0000000000000000     
  -0.0000000000000000     
  -0.0000000000000000     
  -0.0000000000000000     
  -0.0000000000000000     
  -0.0000000000000000     
  -0.0000000000000000     
  -0.0000000000000000     
  -0.0000000000000000     
  -0.0000000000000000     
  -0.0000000000000000     
  -0.0000000000000000     
  -0.0000000000000000     
  -0.0000000000000000     
  -0.0000000000000000     
  -0.0000000000000000     
  -0.0000000000000000     
  -0.0000000000000000     
  -0.0000000000000000     
  -0.0000000000000000     
  -0.0000000000000000     
  -0.0000000000000000     
  -0.0000000000000000     
  -0.0000000000000000     
  -0.0000000000000000     
  -0.0000000000000000     
  -0.0000000000000000     
  -0.0000000000000000     
  -0.0000000000000000     
  -0.0000000000000000     
  -0.0000000000000000     
  -0.0000000000000000     
  -6.3517955078326160E-010
  -6.3517959594007859E-010
  -6.3517959594007859E-010
  -0.0000000000000000     
  -0.0000000000000000     
  -0.0000000000000000     
  -7.2919768541745298E-010
  -7.2919775169312728E-010
  -7.2919775169312728E-010
  -0.0000000000000000     
  -0.0000000000000000     
  -0.0000000000000000     
  -0.0000000000000000     
  -0.0000000000000000     
  -0.0000000000000000     
  -0.0000000000000000     
  -0.0000000000000000     
  -0.0000000000000000     
  -0.0000000000000000     
  -0.0000000000000000     
  -0.0000000000000000     
  -0.0000000000000000     
  -0.0000000000000000     
  -0.0000000000000000     
  -0.0000000000000000     
  -0.0000000000000000     
  -0.0000000000000000     
  -0.0000000000000000     
  -0.0000000000000000     
  -0.0000000000000000     
  -0.0000000000000000     
  -0.0000000000000000     
  -0.0000000000000000     
  -0.0000000000000000     
  -0.0000000000000000     
  -0.0000000000000000     
  -0.0000000000000000     
  -0.0000000000000000     
  -0.0000000000000000     
  -0.0000000000000000     
  -0.0000000000000000     
  -0.0000000000000000     
  -0.0000000000000000     
  -0.0000000000000000     
  -0.0000000000000000     
  -0.0000000000000000     
  -0.0000000000000000     
  -0.0000000000000000     
  -0.0000000000000000     
  -0.0000000000000000     
  -0.0000000000000000     
  -0.0000000000000000     
  -0.0000000000000000     
  -0.0000000000000000     
  -0.0000000000000000     
  -0.0000000000000000     
  -0.0000000000000000     
  -0.0000000000000000     
  -0.0000000000000000     
  -0.0000000000000000     
  -0.0000000000000000     
  -0.0000000000000000     
  -0.0000000000000000     
  -0.0000000000000000     
  -0.0000000000000000     
  -0.0000000000000000     
  -0.0000000000000000     
  -0.0000000000000000     
  -0.0000000000000000     
  -1.1001633320992864E-009
  -0.0000000000000000     
  -0.0000000000000000     
  -0.0000000000000000     
  -0.0000000000000000     
  -0.0000000000000000     
  -1.2630075546974909E-009
  -0.0000000000000000     
  -0.0000000000000000     
  -0.0000000000000000     
  -0.0000000000000000     
  -0.0000000000000000     
  -0.0000000000000000     
  -0.0000000000000000     
  -0.0000000000000000     
  -4.1846916712292929E-019
  -5.1256093230602468E-018
  -1.0977918085041734E-016
  -2.8202720047740872E-015
  -6.8969959642850372E-014
  -1.5095833573337642E-012
  -2.5689757551914026E-011
  -2.5900496882890808E-010
  -1.2063840440882619E-009
  -2.4292287816133019E-009
  -2.5402042893327000E-009
  -1.8202946566062856E-009
  -1.1133574437911873E-009
  -7.0864032341379147E-010
  -0.0000000000000000     
  -0.0000000000000000     
  -0.0000000000000000     
  -0.0000000000000000     
  -0.0000000000000000     
  -0.0000000000000000     
  -0.0000000000000000     
  -0.0000000000000000     
  -0.0000000000000000     
  -0.0000000000000000     
  -0.0000000000000000     
  -0.0000000000000000     
  -0.0000000000000000     
  -0.0000000000000000     
  -0.0000000000000000     
  -0.0000000000000000     
  -0.0000000000000000     
  -0.0000000000000000     
  -0.0000000000000000     
  -0.0000000000000000     
  -0.0000000000000000     
  -0.0000000000000000     
  -0.0000000000000000     
  -0.0000000000000000     
  -0.0000000000000000     
  -0.0000000000000000     
  -0.0000000000000000     
  -0.0000000000000000     
  -0.0000000000000000     
  -0.0000000000000000     
  -0.0000000000000000     
  -0.0000000000000000     
  -0.0000000000000000     
  -1.9055386523497848E-009
  -6.3517959594007859E-010
  -3.1758979797003930E-009
  -0.0000000000000000     
  -0.0000000000000000     
  -0.0000000000000000     
  -2.1875930562523588E-009
  -7.2919775169312728E-010
  -3.6459887584656362E-009
  -0.0000000000000000     
  -0.0000000000000000     
  -0.0000000000000000     
  -0.0000000000000000     
  -0.0000000000000000     
  -0.0000000000000000     
  -0.0000000000000000     
  -0.0000000000000000     
  -0.0000000000000000     
  -0.0000000000000000     
  -0.0000000000000000     
  -0.0000000000000000     
  -0.0000000000000000     
  -0.0000000000000000     
  -0.0000000000000000     
  -0.0000000000000000     
  -0.0000000000000000     
  -0.0000000000000000     
  -0.0000000000000000     
  -0.0000000000000000     
  -0.0000000000000000     
  -0.0000000000000000     
  -0.0000000000000000     
  -0.0000000000000000     
  -0.0000000000000000     
  -0.0000000000000000     
  -0.0000000000000000     
  -0.0000000000000000     
  -0.0000000000000000     
  -0.0000000000000000     
  -0.0000000000000000     
  -0.0000000000000000     
  -0.0000000000000000     
  -0.0000000000000000     
  -0.0000000000000000     
  -0.0000000000000000     
  -0.0000000000000000     
  -0.0000000000000000     
  -0.0000000000000000     
  -0.0000000000000000     
  -0.0000000000000000     
  -0.0000000000000000     
  -0.0000000000000000     
  -0.0000000000000000     
  -0.0000000000000000     
  -0.0000000000000000     
  -0.0000000000000000     
  -0.0000000000000000     
  -0.0000000000000000     
  -0.0000000000000000     
  -0.0000000000000000     
  -0.0000000000000000     
  -0.0000000000000000     
  -0.0000000000000000     
  -0.0000000000000000     
  -0.0000000000000000     
  -0.0000000000000000     
  -0.0000000000000000     
  -0.0000000000000000     
  -0.0000000000000000     
  -0.0000000000000000     
  -1.1001633320992864E-009
  -0.0000000000000000     
  -0.0000000000000000     
  -0.0000000000000000     
  -0.0000000000000000     
  -0.0000000000000000     
  -1.2630075546974909E-009
  -0.0000000000000000     
  -0.0000000000000000     
  -0.0000000000000000     
  -0.0000000000000000     
  -0.0000000000000000     
  -0.0000000000000000     
  -0.0000000000000000     
  -0.0000000000000000     
  -0.0000000000000000     
  -0.0000000000000000     
  -0.0000000000000000     
  -0.0000000000000000     
  -0.0000000000000000     
  -0.0000000000000000     
  -0.0000000000000000     
  -0.0000000000000000     
  -0.0000000000000000     
  -0.0000000000000000     
  -0.0000000000000000     
  -0.0000000000000000     
  -0.0000000000000000     
  -0.0000000000000000     
  -0.0000000000000000     
  -0.0000000000000000     
  -0.0000000000000000     
  -0.0000000000000000     
  -0.0000000000000000     
  -0.0000000000000000     
  -0.0000000000000000     
  -0.0000000000000000     
  -0.0000000000000000     
  -0.0000000000000000     
  -0.0000000000000000     
  -0.0000000000000000     
  -0.0000000000000000     
  -0.0000000000000000     
  -0.0000000000000000     
  -0.0000000000000000     
  -0.0000000000000000     
  -0.0000000000000000     
  -0.0000000000000000     
  -0.0000000000000000     
  -0.0000000000000000     
  -0.0000000000000000     
  -0.0000000000000000     
  -0.0000000000000000     
  -0.0000000000000000     
  -0.0000000000000000     
  -0.0000000000000000     
  -0.0000000000000000     
  -0.0000000000000000     
  -0.0000000000000000     
  -0.0000000000000000     
  -0.0000000000000000     
  -0.0000000000000000     
  -0.0000000000000000     
  -0.0000000000000000     
  -0.0000000000000000     
  -0.0000000000000000     
  -0.0000000000000000     
  -0.0000000000000000     
  -0.0000000000000000     
  -0.0000000000000000     
  -1.9055387878202358E-009
  -0.0000000000000000     
  -0.0000000000000000     
  -0.0000000000000000     
  -0.0000000000000000     
  -0.0000000000000000     
  -2.1875932550793821E-009
  -0.0000000000000000     
  -0.0000000000000000     
  -0.0000000000000000     
  -0.0000000000000000     
  -0.0000000000000000     
  -0.0000000000000000     
  -0.0000000000000000     
  -0.0000000000000000     
  -0.0000000000000000     
  -0.0000000000000000     
