   0.0000000000000000     
   0.0000000000000000     
   0.0000000000000000     
   0.0000000000000000     
   0.0000000000000000     
   0.0000000000000000     
   0.0000000000000000     
   0.0000000000000000     
   0.0000000000000000     
   0.0000000000000000     
   0.0000000000000000     
   0.0000000000000000     
   0.0000000000000000     
   0.0000000000000000     
   0.0000000000000000     
   0.0000000000000000     
   0.0000000000000000     
   0.0000000000000000     
   0.0000000000000000     
   0.0000000000000000     
   0.0000000000000000     
   0.0000000000000000     
   0.0000000000000000     
   0.0000000000000000     
   0.0000000000000000     
   0.0000000000000000     
   0.0000000000000000     
   0.0000000000000000     
   0.0000000000000000     
   0.0000000000000000     
   0.0000000000000000     
   0.0000000000000000     
   0.0000000000000000     
   0.0000000000000000     
   0.0000000000000000     
   0.0000000000000000     
   0.0000000000000000     
   0.0000000000000000     
   0.0000000000000000     
   0.0000000000000000     
   0.0000000000000000     
   0.0000000000000000     
   0.0000000000000000     
   0.0000000000000000     
   0.0000000000000000     
   0.0000000000000000     
   0.0000000000000000     
   0.0000000000000000     
   0.0000000000000000     
   0.0000000000000000     
   0.0000000000000000     
   0.0000000000000000     
   0.0000000000000000     
   0.0000000000000000     
   0.0000000000000000     
   0.0000000000000000     
   0.0000000000000000     
   0.0000000000000000     
   0.0000000000000000     
   0.0000000000000000     
   0.0000000000000000     
   0.0000000000000000     
   0.0000000000000000     
   0.0000000000000000     
   0.0000000000000000     
   0.0000000000000000     
   0.0000000000000000     
   0.0000000000000000     
   0.0000000000000000     
   0.0000000000000000     
   0.0000000000000000     
   0.0000000000000000     
   0.0000000000000000     
   0.0000000000000000     
   0.0000000000000000     
   0.0000000000000000     
   0.0000000000000000     
   0.0000000000000000     
   0.0000000000000000     
   0.0000000000000000     
   0.0000000000000000     
   0.0000000000000000     
   0.0000000000000000     
   0.0000000000000000     
   0.0000000000000000     
   0.0000000000000000     
   0.0000000000000000     
   0.0000000000000000     
   0.0000000000000000     
   0.0000000000000000     
   0.0000000000000000     
   0.0000000000000000     
   0.0000000000000000     
   0.0000000000000000     
   0.0000000000000000     
   0.0000000000000000     
   0.0000000000000000     
   0.0000000000000000     
   0.0000000000000000     
   0.0000000000000000     
   0.0000000000000000     
   0.0000000000000000     
   0.0000000000000000     
   0.0000000000000000     
   0.0000000000000000     
  -0.0000000000000000     
  -0.0000000000000000     
  -0.0000000000000000     
  -0.0000000000000000     
  -0.0000000000000000     
  -0.0000000000000000     
  -0.0000000000000000     
  -0.0000000000000000     
  -0.0000000000000000     
  -0.0000000000000000     
  -0.0000000000000000     
  -0.0000000000000000     
  -0.0000000000000000     
  -0.0000000000000000     
   0.0000000000000000     
   0.0000000000000000     
   0.0000000000000000     
   0.0000000000000000     
   0.0000000000000000     
   0.0000000000000000     
   0.0000000000000000     
   0.0000000000000000     
   0.0000000000000000     
   0.0000000000000000     
   0.0000000000000000     
   0.0000000000000000     
   0.0000000000000000     
   0.0000000000000000     
   0.0000000000000000     
   0.0000000000000000     
   0.0000000000000000     
   0.0000000000000000     
   0.0000000000000000     
   0.0000000000000000     
   0.0000000000000000     
   0.0000000000000000     
   0.0000000000000000     
   0.0000000000000000     
   0.0000000000000000     
   0.0000000000000000     
   0.0000000000000000     
   0.0000000000000000     
   0.0000000000000000     
   0.0000000000000000     
   0.0000000000000000     
   1.8243380857889194E-003
   0.0000000000000000     
   0.0000000000000000     
  -0.0000000000000000     
  -0.0000000000000000     
  -0.0000000000000000     
  -0.0000000000000000     
  -0.0000000000000000     
  -0.0000000000000000     
  -0.0000000000000000     
  -0.0000000000000000     
  -0.0000000000000000     
  -0.0000000000000000     
  -0.0000000000000000     
  -0.0000000000000000     
  -0.0000000000000000     
  -0.0000000000000000     
   0.0000000000000000     
   0.0000000000000000     
  -2.1075052480311425E-003
   0.0000000000000000     
   0.0000000000000000     
   0.0000000000000000     
   0.0000000000000000     
   0.0000000000000000     
   0.0000000000000000     
   0.0000000000000000     
   0.0000000000000000     
   0.0000000000000000     
   0.0000000000000000     
   0.0000000000000000     
   0.0000000000000000     
   0.0000000000000000     
   0.0000000000000000     
   0.0000000000000000     
   0.0000000000000000     
   0.0000000000000000     
   0.0000000000000000     
   0.0000000000000000     
   0.0000000000000000     
   0.0000000000000000     
   0.0000000000000000     
   0.0000000000000000     
   0.0000000000000000     
   0.0000000000000000     
   0.0000000000000000     
   0.0000000000000000     
   0.0000000000000000     
   0.0000000000000000     
   0.0000000000000000     
   0.0000000000000000     
   0.0000000000000000     
   0.0000000000000000     
   0.0000000000000000     
   1.2160761218909758E-003
   0.0000000000000000     
   0.0000000000000000     
   1.8243380442512489E-003
   0.0000000000000000     
   0.0000000000000000     
  -0.0000000000000000     
  -0.0000000000000000     
  -0.0000000000000000     
  -0.0000000000000000     
  -0.0000000000000000     
  -0.0000000000000000     
  -0.0000000000000000     
  -0.0000000000000000     
  -0.0000000000000000     
  -0.0000000000000000     
  -0.0000000000000000     
  -0.0000000000000000     
  -0.0000000000000000     
  -0.0000000000000000     
   0.0000000000000000     
   0.0000000000000000     
  -1.7895419717031491E-003
   0.0000000000000000     
   0.0000000000000000     
  -2.0977724912303731E-003
   0.0000000000000000     
   0.0000000000000000     
   0.0000000000000000     
   0.0000000000000000     
   0.0000000000000000     
   0.0000000000000000     
   0.0000000000000000     
   0.0000000000000000     
   0.0000000000000000     
   0.0000000000000000     
   0.0000000000000000     
   0.0000000000000000     
   0.0000000000000000     
   0.0000000000000000     
   0.0000000000000000     
   0.0000000000000000     
   0.0000000000000000     
   0.0000000000000000     
   0.0000000000000000     
   0.0000000000000000     
   0.0000000000000000     
   0.0000000000000000     
   0.0000000000000000     
   0.0000000000000000     
   0.0000000000000000     
   0.0000000000000000     
   0.0000000000000000     
   0.0000000000000000     
   0.0000000000000000     
   0.0000000000000000     
   0.0000000000000000     
   0.0000000000000000     
   0.0000000000000000     
   0.0000000000000000     
   0.0000000000000000     
   0.0000000000000000     
   0.0000000000000000     
   5.1160271889748397E-004
   0.0000000000000000     
   0.0000000000000000     
   1.0393389755062204E-003
   0.0000000000000000     
   0.0000000000000000     
   1.8243379442442740E-003
   0.0000000000000000     
   0.0000000000000000     
  -0.0000000000000000     
  -0.0000000000000000     
  -0.0000000000000000     
  -0.0000000000000000     
  -0.0000000000000000     
  -0.0000000000000000     
  -0.0000000000000000     
  -0.0000000000000000     
  -0.0000000000000000     
  -0.0000000000000000     
  -0.0000000000000000     
  -0.0000000000000000     
  -0.0000000000000000     
  -0.0000000000000000     
   0.0000000000000000     
   0.0000000000000000     
  -1.1139431068071996E-003
   0.0000000000000000     
   0.0000000000000000     
  -1.6396938837582385E-003
   0.0000000000000000     
   0.0000000000000000     
  -2.0946574965790190E-003
   0.0000000000000000     
   0.0000000000000000     
   0.0000000000000000     
   0.0000000000000000     
   0.0000000000000000     
   0.0000000000000000     
   0.0000000000000000     
   0.0000000000000000     
   0.0000000000000000     
   0.0000000000000000     
   0.0000000000000000     
   0.0000000000000000     
   0.0000000000000000     
   0.0000000000000000     
   0.0000000000000000     
   0.0000000000000000     
   0.0000000000000000     
   0.0000000000000000     
   0.0000000000000000     
   0.0000000000000000     
   0.0000000000000000     
   0.0000000000000000     
   0.0000000000000000     
   0.0000000000000000     
   0.0000000000000000     
   0.0000000000000000     
   0.0000000000000000     
   0.0000000000000000     
   0.0000000000000000     
   0.0000000000000000     
   0.0000000000000000     
   0.0000000000000000     
   0.0000000000000000     
   0.0000000000000000     
   0.0000000000000000     
   0.0000000000000000     
   0.0000000000000000     
   0.0000000000000000     
   0.0000000000000000     
   0.0000000000000000     
   1.5536678806092190E-004
   0.0000000000000000     
   0.0000000000000000     
   3.9633810305451570E-004
   0.0000000000000000     
   0.0000000000000000     
   1.0219206604906573E-003
   0.0000000000000000     
   0.0000000000000000     
   1.8243377361783291E-003
   0.0000000000000000     
   0.0000000000000000     
  -0.0000000000000000     
  -0.0000000000000000     
  -0.0000000000000000     
  -0.0000000000000000     
  -0.0000000000000000     
  -0.0000000000000000     
  -0.0000000000000000     
  -0.0000000000000000     
  -0.0000000000000000     
  -0.0000000000000000     
  -0.0000000000000000     
  -0.0000000000000000     
  -0.0000000000000000     
  -0.0000000000000000     
   0.0000000000000000     
   0.0000000000000000     
  -5.8202291731090396E-004
   0.0000000000000000     
   0.0000000000000000     
  -9.8340308313944421E-004
   0.0000000000000000     
   0.0000000000000000     
  -1.6447873756959472E-003
   0.0000000000000000     
   0.0000000000000000     
  -2.0987858129862644E-003
   0.0000000000000000     
   0.0000000000000000     
   0.0000000000000000     
   0.0000000000000000     
   0.0000000000000000     
   0.0000000000000000     
   0.0000000000000000     
   0.0000000000000000     
   0.0000000000000000     
   0.0000000000000000     
   0.0000000000000000     
   0.0000000000000000     
   0.0000000000000000     
   0.0000000000000000     
   0.0000000000000000     
   0.0000000000000000     
   0.0000000000000000     
   0.0000000000000000     
   0.0000000000000000     
   0.0000000000000000     
   0.0000000000000000     
   0.0000000000000000     
   0.0000000000000000     
   0.0000000000000000     
   0.0000000000000000     
   0.0000000000000000     
   0.0000000000000000     
   0.0000000000000000     
   0.0000000000000000     
   0.0000000000000000     
   0.0000000000000000     
   0.0000000000000000     
   0.0000000000000000     
   0.0000000000000000     
   0.0000000000000000     
   0.0000000000000000     
   0.0000000000000000     
   0.0000000000000000     
   0.0000000000000000     
   0.0000000000000000     
   0.0000000000000000     
   0.0000000000000000     
   0.0000000000000000     
   4.0439801374334347E-005
   0.0000000000000000     
   0.0000000000000000     
   1.1841544911962767E-004
   0.0000000000000000     
   0.0000000000000000     
   3.9974926537663454E-004
   0.0000000000000000     
   0.0000000000000000     
   1.0455426229746640E-003
   0.0000000000000000     
   0.0000000000000000     
   1.8243373269105959E-003
   0.0000000000000000     
   0.0000000000000000     
  -0.0000000000000000     
  -0.0000000000000000     
  -0.0000000000000000     
  -0.0000000000000000     
  -0.0000000000000000     
  -0.0000000000000000     
  -0.0000000000000000     
  -0.0000000000000000     
  -0.0000000000000000     
  -0.0000000000000000     
  -0.0000000000000000     
  -0.0000000000000000     
  -0.0000000000000000     
  -0.0000000000000000     
   0.0000000000000000     
   0.0000000000000000     
  -3.2404833145433795E-004
   0.0000000000000000     
   0.0000000000000000     
  -5.8426949662992327E-004
   0.0000000000000000     
   0.0000000000000000     
  -1.1224111293285763E-003
   0.0000000000000000     
   0.0000000000000000     
  -1.7973124818796440E-003
   0.0000000000000000     
   0.0000000000000000     
  -2.1072499032689009E-003
   0.0000000000000000     
   0.0000000000000000     
   0.0000000000000000     
   0.0000000000000000     
   0.0000000000000000     
   0.0000000000000000     
   0.0000000000000000     
   0.0000000000000000     
   0.0000000000000000     
   0.0000000000000000     
   0.0000000000000000     
   0.0000000000000000     
   0.0000000000000000     
   0.0000000000000000     
   0.0000000000000000     
   0.0000000000000000     
   0.0000000000000000     
   0.0000000000000000     
   0.0000000000000000     
   0.0000000000000000     
   0.0000000000000000     
   0.0000000000000000     
   0.0000000000000000     
   0.0000000000000000     
   0.0000000000000000     
   0.0000000000000000     
   0.0000000000000000     
   0.0000000000000000     
   0.0000000000000000     
   0.0000000000000000     
   0.0000000000000000     
   0.0000000000000000     
   0.0000000000000000     
   0.0000000000000000     
   0.0000000000000000     
   0.0000000000000000     
   0.0000000000000000     
   0.0000000000000000     
   0.0000000000000000     
   0.0000000000000000     
   0.0000000000000000     
   0.0000000000000000     
   0.0000000000000000     
   0.0000000000000000     
   0.0000000000000000     
   0.0000000000000000     
   1.3040901297769623E-005
   0.0000000000000000     
   0.0000000000000000     
   4.0749182856921891E-005
   0.0000000000000000     
   0.0000000000000000     
   1.5800061033748134E-004
   0.0000000000000000     
   0.0000000000000000     
   5.1859234591040753E-004
   0.0000000000000000     
   0.0000000000000000     
   1.2205193628497175E-003
   0.0000000000000000     
   0.0000000000000000     
   1.8243367344037049E-003
   0.0000000000000000     
   0.0000000000000000     
  -0.0000000000000000     
  -0.0000000000000000     
  -0.0000000000000000     
  -0.0000000000000000     
  -0.0000000000000000     
  -0.0000000000000000     
  -0.0000000000000000     
  -0.0000000000000000     
  -0.0000000000000000     
  -0.0000000000000000     
  -0.0000000000000000     
  -0.0000000000000000     
  -0.0000000000000000     
  -0.0000000000000000     
   0.0000000000000000     
   0.0000000000000000     
  -1.4588577458655950E-004
   0.0000000000000000     
   0.0000000000000000     
  -2.7586834668502885E-004
   0.0000000000000000     
   0.0000000000000000     
  -5.8974881806095911E-004
   0.0000000000000000     
   0.0000000000000000     
  -1.1450588096228067E-003
   0.0000000000000000     
   0.0000000000000000     
  -1.8003877462881811E-003
   0.0000000000000000     
   0.0000000000000000     
  -2.0994397794920922E-003
   0.0000000000000000     
   0.0000000000000000     
   0.0000000000000000     
   0.0000000000000000     
   0.0000000000000000     
   0.0000000000000000     
   0.0000000000000000     
   0.0000000000000000     
   0.0000000000000000     
   0.0000000000000000     
   0.0000000000000000     
   0.0000000000000000     
   0.0000000000000000     
   0.0000000000000000     
   0.0000000000000000     
   0.0000000000000000     
   0.0000000000000000     
   0.0000000000000000     
   0.0000000000000000     
   0.0000000000000000     
   0.0000000000000000     
   0.0000000000000000     
   0.0000000000000000     
   0.0000000000000000     
   0.0000000000000000     
   0.0000000000000000     
   0.0000000000000000     
   0.0000000000000000     
   0.0000000000000000     
   0.0000000000000000     
   0.0000000000000000     
   0.0000000000000000     
   0.0000000000000000     
   0.0000000000000000     
   0.0000000000000000     
   0.0000000000000000     
   0.0000000000000000     
   0.0000000000000000     
   0.0000000000000000     
   0.0000000000000000     
   0.0000000000000000     
   0.0000000000000000     
   0.0000000000000000     
   0.0000000000000000     
   0.0000000000000000     
   0.0000000000000000     
   0.0000000000000000     
   0.0000000000000000     
   0.0000000000000000     
   2.9354911018884159E-006
   0.0000000000000000     
   0.0000000000000000     
   9.6200552727342649E-006
   0.0000000000000000     
   0.0000000000000000     
   4.1509154161354491E-005
   0.0000000000000000     
   0.0000000000000000     
   1.6519629732572813E-004
   0.0000000000000000     
   0.0000000000000000     
   5.2139238482659818E-004
   0.0000000000000000     
   0.0000000000000000     
   1.0497188094943397E-003
   0.0000000000000000     
   0.0000000000000000     
   1.8243353263539346E-003
   0.0000000000000000     
   0.0000000000000000     
  -0.0000000000000000     
  -0.0000000000000000     
  -0.0000000000000000     
  -0.0000000000000000     
  -0.0000000000000000     
  -0.0000000000000000     
  -0.0000000000000000     
  -0.0000000000000000     
  -0.0000000000000000     
  -0.0000000000000000     
  -0.0000000000000000     
  -0.0000000000000000     
  -0.0000000000000000     
  -0.0000000000000000     
   0.0000000000000000     
   0.0000000000000000     
  -6.3502544288085254E-005
   0.0000000000000000     
   0.0000000000000000     
  -1.2309564498072680E-004
   0.0000000000000000     
   0.0000000000000000     
  -2.7873747505948539E-004
   0.0000000000000000     
   0.0000000000000000     
  -6.0466693747232168E-004
   0.0000000000000000     
   0.0000000000000000     
  -1.1484644172709733E-003
   0.0000000000000000     
   0.0000000000000000     
  -1.6708989989435261E-003
   0.0000000000000000     
   0.0000000000000000     
  -2.0994397793564806E-003
   0.0000000000000000     
   0.0000000000000000     
   0.0000000000000000     
   0.0000000000000000     
   0.0000000000000000     
   0.0000000000000000     
   0.0000000000000000     
   0.0000000000000000     
   0.0000000000000000     
   0.0000000000000000     
   0.0000000000000000     
   0.0000000000000000     
   0.0000000000000000     
   0.0000000000000000     
   0.0000000000000000     
   0.0000000000000000     
   0.0000000000000000     
   0.0000000000000000     
   0.0000000000000000     
   0.0000000000000000     
   0.0000000000000000     
   0.0000000000000000     
   0.0000000000000000     
   0.0000000000000000     
   0.0000000000000000     
   0.0000000000000000     
   0.0000000000000000     
   0.0000000000000000     
   0.0000000000000000     
   0.0000000000000000     
   0.0000000000000000     
   0.0000000000000000     
   0.0000000000000000     
   0.0000000000000000     
   0.0000000000000000     
   0.0000000000000000     
   0.0000000000000000     
   0.0000000000000000     
   0.0000000000000000     
   0.0000000000000000     
   0.0000000000000000     
   0.0000000000000000     
   0.0000000000000000     
   0.0000000000000000     
   0.0000000000000000     
   0.0000000000000000     
   0.0000000000000000     
   0.0000000000000000     
   0.0000000000000000     
   0.0000000000000000     
   0.0000000000000000     
   0.0000000000000000     
   6.3889421051895379E-007
   0.0000000000000000     
   0.0000000000000000     
   2.1462899275358484E-006
   0.0000000000000000     
   0.0000000000000000     
   9.8093938126817959E-006
   0.0000000000000000     
   0.0000000000000000     
   4.3617296451963319E-005
   0.0000000000000000     
   0.0000000000000000     
   1.6629767731452257E-004
   0.0000000000000000     
   0.0000000000000000     
   4.1772431953836198E-004
   0.0000000000000000     
   0.0000000000000000     
   1.0497177283641335E-003
   0.0000000000000000     
   0.0000000000000000     
   1.8243325102561998E-003
   0.0000000000000000     
   0.0000000000000000     
  -0.0000000000000000     
  -0.0000000000000000     
  -0.0000000000000000     
  -0.0000000000000000     
  -0.0000000000000000     
  -0.0000000000000000     
  -0.0000000000000000     
  -0.0000000000000000     
  -0.0000000000000000     
  -0.0000000000000000     
  -0.0000000000000000     
  -0.0000000000000000     
  -0.0000000000000000     
  -0.0000000000000000     
   0.0000000000000000     
   0.0000000000000000     
  -2.7170200196892957E-005
   0.0000000000000000     
   0.0000000000000000     
  -5.3337887874402405E-005
   0.0000000000000000     
   0.0000000000000000     
  -1.2444210331313021E-004
   0.0000000000000000     
   0.0000000000000000     
  -2.8657831086337427E-004
   0.0000000000000000     
   0.0000000000000000     
  -6.0692489342308216E-004
   0.0000000000000000     
   0.0000000000000000     
  -1.0158132236713618E-003
   0.0000000000000000     
   0.0000000000000000     
  -1.6708986564644625E-003
   0.0000000000000000     
   0.0000000000000000     
  -2.0994397797607211E-003
   0.0000000000000000     
   0.0000000000000000     
   0.0000000000000000     
   0.0000000000000000     
   0.0000000000000000     
   0.0000000000000000     
   0.0000000000000000     
   0.0000000000000000     
   0.0000000000000000     
   0.0000000000000000     
   0.0000000000000000     
   0.0000000000000000     
   0.0000000000000000     
   0.0000000000000000     
   0.0000000000000000     
   0.0000000000000000     
   0.0000000000000000     
   0.0000000000000000     
   0.0000000000000000     
   0.0000000000000000     
   0.0000000000000000     
   0.0000000000000000     
   0.0000000000000000     
   0.0000000000000000     
   0.0000000000000000     
   0.0000000000000000     
   0.0000000000000000     
   0.0000000000000000     
   0.0000000000000000     
   0.0000000000000000     
   0.0000000000000000     
   0.0000000000000000     
   0.0000000000000000     
   0.0000000000000000     
   0.0000000000000000     
   0.0000000000000000     
   0.0000000000000000     
   0.0000000000000000     
   0.0000000000000000     
   0.0000000000000000     
   0.0000000000000000     
   0.0000000000000000     
   0.0000000000000000     
   0.0000000000000000     
   0.0000000000000000     
   0.0000000000000000     
   0.0000000000000000     
   0.0000000000000000     
   0.0000000000000000     
   0.0000000000000000     
   0.0000000000000000     
   0.0000000000000000     
   0.0000000000000000     
   0.0000000000000000     
   0.0000000000000000     
   1.3667864670526328E-007
   0.0000000000000000     
   0.0000000000000000     
   4.6499846398210975E-007
   0.0000000000000000     
   0.0000000000000000     
   2.1896976714444569E-006
   0.0000000000000000     
   0.0000000000000000     
   1.0336079572341125E-005
   0.0000000000000000     
   0.0000000000000000     
   4.3941370197821838E-005
   0.0000000000000000     
   0.0000000000000000     
   1.2697652238718822E-004
   0.0000000000000000     
   0.0000000000000000     
   4.1772380469013635E-004
   0.0000000000000000     
   0.0000000000000000     
   1.0497155705008446E-003
   0.0000000000000000     
   0.0000000000000000     
   1.8243268780679979E-003
   0.0000000000000000     
   0.0000000000000000     
  -0.0000000000000000     
  -0.0000000000000000     
  -0.0000000000000000     
  -0.0000000000000000     
  -0.0000000000000000     
  -0.0000000000000000     
  -0.0000000000000000     
  -0.0000000000000000     
  -0.0000000000000000     
  -0.0000000000000000     
  -0.0000000000000000     
  -0.0000000000000000     
  -0.0000000000000000     
  -0.0000000000000000     
   0.0000000000000000     
   0.0000000000000000     
  -1.1524290668590697E-005
   0.0000000000000000     
   0.0000000000000000     
  -2.2768325151427833E-005
   0.0000000000000000     
   0.0000000000000000     
  -5.3936040387045216E-005
   0.0000000000000000     
   0.0000000000000000     
  -1.2812862907171058E-004
   0.0000000000000000     
   0.0000000000000000     
  -2.8776882445572178E-004
   0.0000000000000000     
   0.0000000000000000     
  -5.2168563175033762E-004
   0.0000000000000000     
   0.0000000000000000     
  -1.0158128752183351E-003
   0.0000000000000000     
   0.0000000000000000     
  -1.6708979693751762E-003
   0.0000000000000000     
   0.0000000000000000     
  -2.0994397794843094E-003
   0.0000000000000000     
   0.0000000000000000     
   0.0000000000000000     
   0.0000000000000000     
   0.0000000000000000     
   0.0000000000000000     
   0.0000000000000000     
   0.0000000000000000     
   0.0000000000000000     
   0.0000000000000000     
   0.0000000000000000     
   0.0000000000000000     
   0.0000000000000000     
   0.0000000000000000     
   0.0000000000000000     
   0.0000000000000000     
   0.0000000000000000     
   0.0000000000000000     
   0.0000000000000000     
   0.0000000000000000     
   0.0000000000000000     
   0.0000000000000000     
   0.0000000000000000     
   0.0000000000000000     
   0.0000000000000000     
   0.0000000000000000     
   0.0000000000000000     
   0.0000000000000000     
   0.0000000000000000     
   0.0000000000000000     
   0.0000000000000000     
   0.0000000000000000     
   0.0000000000000000     
   0.0000000000000000     
   0.0000000000000000     
   0.0000000000000000     
   0.0000000000000000     
   0.0000000000000000     
   0.0000000000000000     
   0.0000000000000000     
   0.0000000000000000     
   0.0000000000000000     
   0.0000000000000000     
   0.0000000000000000     
   0.0000000000000000     
   0.0000000000000000     
   0.0000000000000000     
   0.0000000000000000     
   0.0000000000000000     
   0.0000000000000000     
   0.0000000000000000     
   0.0000000000000000     
   0.0000000000000000     
   0.0000000000000000     
   0.0000000000000000     
   0.0000000000000000     
   0.0000000000000000     
   0.0000000000000000     
   2.8986250403136380E-008
   0.0000000000000000     
   0.0000000000000000     
   9.9246864140826359E-008
   0.0000000000000000     
   0.0000000000000000     
   4.7453240863853198E-007
   0.0000000000000000     
   0.0000000000000000     
   2.3106209635863588E-006
   0.0000000000000000     
   0.0000000000000000     
   1.0417233321476320E-005
   0.0000000000000000     
   0.0000000000000000     
   3.2605318455889761E-005
   0.0000000000000000     
   0.0000000000000000     
   1.2697634816079436E-004
   0.0000000000000000     
   0.0000000000000000     
   4.1772277349324746E-004
   0.0000000000000000     
   0.0000000000000000     
   1.0497112477492613E-003
   0.0000000000000000     
   0.0000000000000000     
   1.8243156137205576E-003
   0.0000000000000000     
   0.0000000000000000     
  -0.0000000000000000     
  -0.0000000000000000     
  -0.0000000000000000     
  -0.0000000000000000     
  -0.0000000000000000     
  -0.0000000000000000     
  -0.0000000000000000     
  -0.0000000000000000     
  -0.0000000000000000     
  -0.0000000000000000     
  -0.0000000000000000     
  -0.0000000000000000     
  -0.0000000000000000     
  -0.0000000000000000     
   0.0000000000000000     
   0.0000000000000000     
  -4.8667016620975839E-006
   0.0000000000000000     
   0.0000000000000000     
  -9.6459652805316164E-006
   0.0000000000000000     
   0.0000000000000000     
  -2.3026843162688916E-005
   0.0000000000000000     
   0.0000000000000000     
  -5.5575284147072627E-005
   0.0000000000000000     
   0.0000000000000000     
  -1.2868925552309831E-004
   0.0000000000000000     
   0.0000000000000000     
  -2.4349989707055184E-004
   0.0000000000000000     
   0.0000000000000000     
  -5.2168541069062986E-004
   0.0000000000000000     
   0.0000000000000000     
  -1.0158121789887659E-003
   0.0000000000000000     
   0.0000000000000000     
  -1.6708965923550670E-003
   0.0000000000000000     
   0.0000000000000000     
  -2.0994397794605944E-003
   0.0000000000000000     
   0.0000000000000000     
   0.0000000000000000     
   0.0000000000000000     
   0.0000000000000000     
   0.0000000000000000     
   0.0000000000000000     
   0.0000000000000000     
   0.0000000000000000     
   0.0000000000000000     
   0.0000000000000000     
   0.0000000000000000     
   0.0000000000000000     
   0.0000000000000000     
   0.0000000000000000     
   0.0000000000000000     
   0.0000000000000000     
   0.0000000000000000     
   0.0000000000000000     
   0.0000000000000000     
   0.0000000000000000     
   0.0000000000000000     
   0.0000000000000000     
   0.0000000000000000     
   0.0000000000000000     
   0.0000000000000000     
   0.0000000000000000     
   0.0000000000000000     
   0.0000000000000000     
   0.0000000000000000     
   0.0000000000000000     
   0.0000000000000000     
   0.0000000000000000     
   0.0000000000000000     
   0.0000000000000000     
   0.0000000000000000     
   0.0000000000000000     
   0.0000000000000000     
   0.0000000000000000     
   0.0000000000000000     
   0.0000000000000000     
   0.0000000000000000     
   0.0000000000000000     
   0.0000000000000000     
   0.0000000000000000     
   0.0000000000000000     
   0.0000000000000000     
   0.0000000000000000     
   0.0000000000000000     
   0.0000000000000000     
   0.0000000000000000     
   0.0000000000000000     
   0.0000000000000000     
   0.0000000000000000     
   0.0000000000000000     
   0.0000000000000000     
   0.0000000000000000     
   0.0000000000000000     
   0.0000000000000000     
   0.0000000000000000     
   0.0000000000000000     
   6.1204388656826410E-009
   0.0000000000000000     
   0.0000000000000000     
   2.1023325153189992E-008
   0.0000000000000000     
   0.0000000000000000     
   1.0129575021562771E-007
   0.0000000000000000     
   0.0000000000000000     
   5.0111133451535251E-007
   0.0000000000000000     
   0.0000000000000000     
   2.3292759444785781E-006
   0.0000000000000000     
   0.0000000000000000     
   7.6093639586388241E-006
   0.0000000000000000     
   0.0000000000000000     
   3.2605271085980382E-005
   0.0000000000000000     
   0.0000000000000000     
   1.2697599989107733E-004
   0.0000000000000000     
   0.0000000000000000     
   4.1772070910174049E-004
   0.0000000000000000     
   0.0000000000000000     
   1.0497026057919422E-003
   0.0000000000000000     
   0.0000000000000000     
   1.8242930851415976E-003
   0.0000000000000000     
   0.0000000000000000     
   0.0000000000000000     
   0.0000000000000000     
   0.0000000000000000     
   0.0000000000000000     
   0.0000000000000000     
   0.0000000000000000     
   0.0000000000000000     
   0.0000000000000000     
   0.0000000000000000     
   0.0000000000000000     
   0.0000000000000000     
   0.0000000000000000     
   0.0000000000000000     
   0.0000000000000000     
  -0.0000000000000000     
   0.0000000000000000     
   0.0000000000000000     
  -0.0000000000000000     
   0.0000000000000000     
   0.0000000000000000     
  -0.0000000000000000     
   0.0000000000000000     
   0.0000000000000000     
   0.0000000000000000     
   0.0000000000000000     
   0.0000000000000000     
   0.0000000000000000     
   0.0000000000000000     
   0.0000000000000000     
   0.0000000000000000     
   0.0000000000000000     
   0.0000000000000000     
   0.0000000000000000     
   0.0000000000000000     
   0.0000000000000000     
   0.0000000000000000     
   0.0000000000000000     
   0.0000000000000000     
   0.0000000000000000     
   0.0000000000000000     
   0.0000000000000000     
   0.0000000000000000     
   0.0000000000000000     
   0.0000000000000000     
   0.0000000000000000     
   0.0000000000000000     
   0.0000000000000000     
   0.0000000000000000     
   0.0000000000000000     
   0.0000000000000000     
   0.0000000000000000     
   0.0000000000000000     
   0.0000000000000000     
   0.0000000000000000     
   0.0000000000000000     
   0.0000000000000000     
   0.0000000000000000     
   0.0000000000000000     
   0.0000000000000000     
   0.0000000000000000     
   0.0000000000000000     
   0.0000000000000000     
   0.0000000000000000     
   0.0000000000000000     
   0.0000000000000000     
   0.0000000000000000     
   0.0000000000000000     
   0.0000000000000000     
   0.0000000000000000     
   0.0000000000000000     
   0.0000000000000000     
   0.0000000000000000     
   0.0000000000000000     
   0.0000000000000000     
   0.0000000000000000     
   0.0000000000000000     
   0.0000000000000000     
   0.0000000000000000     
   0.0000000000000000     
   0.0000000000000000     
   0.0000000000000000     
   0.0000000000000000     
   0.0000000000000000     
   0.0000000000000000     
   0.0000000000000000     
   0.0000000000000000     
   0.0000000000000000     
   0.0000000000000000     
   0.0000000000000000     
   0.0000000000000000     
   0.0000000000000000     
   0.0000000000000000     
   0.0000000000000000     
   0.0000000000000000     
   0.0000000000000000     
   0.0000000000000000     
   0.0000000000000000     
   0.0000000000000000     
   0.0000000000000000     
   0.0000000000000000     
   0.0000000000000000     
   0.0000000000000000     
   0.0000000000000000     
   0.0000000000000000     
   0.0000000000000000     
   0.0000000000000000     
   0.0000000000000000     
   0.0000000000000000     
   0.0000000000000000     
   0.0000000000000000     
   0.0000000000000000     
   0.0000000000000000     
   0.0000000000000000     
   0.0000000000000000     
   0.0000000000000000     
   0.0000000000000000     
   0.0000000000000000     
   0.0000000000000000     
   0.0000000000000000     
   0.0000000000000000     
   0.0000000000000000     
   0.0000000000000000     
   0.0000000000000000     
   0.0000000000000000     
   0.0000000000000000     
   0.0000000000000000     
   0.0000000000000000     
   0.0000000000000000     
   0.0000000000000000     
   0.0000000000000000     
   0.0000000000000000     
   0.0000000000000000     
   0.0000000000000000     
   0.0000000000000000     
   0.0000000000000000     
   0.0000000000000000     
   0.0000000000000000     
   0.0000000000000000     
   0.0000000000000000     
   0.0000000000000000     
   0.0000000000000000     
   0.0000000000000000     
   0.0000000000000000     
   0.0000000000000000     
   0.0000000000000000     
   0.0000000000000000     
   0.0000000000000000     
   0.0000000000000000     
   0.0000000000000000     
   0.0000000000000000     
   0.0000000000000000     
   0.0000000000000000     
   0.0000000000000000     
   0.0000000000000000     
   0.0000000000000000     
   0.0000000000000000     
   0.0000000000000000     
   0.0000000000000000     
   0.0000000000000000     
   0.0000000000000000     
   0.0000000000000000     
   0.0000000000000000     
  -0.0000000000000000     
   0.0000000000000000     
   0.0000000000000000     
  -0.0000000000000000     
   0.0000000000000000     
   0.0000000000000000     
  -0.0000000000000000     
   0.0000000000000000     
   0.0000000000000000     
  -0.0000000000000000     
   0.0000000000000000     
   0.0000000000000000     
  -0.0000000000000000     
   0.0000000000000000     
   0.0000000000000000     
  -0.0000000000000000     
   0.0000000000000000     
   0.0000000000000000     
  -0.0000000000000000     
   0.0000000000000000     
   0.0000000000000000     
  -0.0000000000000000     
   0.0000000000000000     
   0.0000000000000000     
  -0.0000000000000000     
   0.0000000000000000     
   0.0000000000000000     
  -0.0000000000000000     
   0.0000000000000000     
   0.0000000000000000     
  -0.0000000000000000     
   0.0000000000000000     
   0.0000000000000000     
   0.0000000000000000     
   0.0000000000000000     
   0.0000000000000000     
  -1.3569820221546572E-007
  -4.3650789578871750E-007
  -1.8201099138307759E-006
  -8.2353523626653433E-006
  -3.6143648166977172E-005
  -1.4792222416959251E-004
  -5.1530006626291963E-004
  -1.2752139325766087E-003
  -1.8232374007471457E-003
  -1.3403748144913282E-003
  -5.6310356200612015E-004
  -1.6600494124221937E-004
  -4.3779609397005292E-005
  -1.4222547880616311E-005
   0.0000000000000000     
   0.0000000000000000     
  -0.0000000000000000     
   0.0000000000000000     
   0.0000000000000000     
  -0.0000000000000000     
   0.0000000000000000     
   0.0000000000000000     
  -0.0000000000000000     
   0.0000000000000000     
   0.0000000000000000     
  -0.0000000000000000     
   0.0000000000000000     
   0.0000000000000000     
  -0.0000000000000000     
   0.0000000000000000     
   0.0000000000000000     
  -0.0000000000000000     
   0.0000000000000000     
   0.0000000000000000     
  -0.0000000000000000     
   0.0000000000000000     
   0.0000000000000000     
  -0.0000000000000000     
   0.0000000000000000     
   0.0000000000000000     
  -0.0000000000000000     
   0.0000000000000000     
   0.0000000000000000     
  -0.0000000000000000     
   0.0000000000000000     
   0.0000000000000000     
  -0.0000000000000000     
   1.0532818275520274E-003
  -1.0532821498706242E-003
  -3.1598464496118725E-003
   0.0000000000000000     
   0.0000000000000000     
   0.0000000000000000     
   0.0000000000000000     
   0.0000000000000000     
   0.0000000000000000     
   0.0000000000000000     
   0.0000000000000000     
   0.0000000000000000     
   0.0000000000000000     
   0.0000000000000000     
   0.0000000000000000     
   0.0000000000000000     
   0.0000000000000000     
   0.0000000000000000     
   0.0000000000000000     
   0.0000000000000000     
   0.0000000000000000     
   0.0000000000000000     
   0.0000000000000000     
   0.0000000000000000     
   0.0000000000000000     
   0.0000000000000000     
   0.0000000000000000     
   0.0000000000000000     
   0.0000000000000000     
   0.0000000000000000     
   0.0000000000000000     
   0.0000000000000000     
   0.0000000000000000     
   0.0000000000000000     
   0.0000000000000000     
   0.0000000000000000     
   0.0000000000000000     
   0.0000000000000000     
   0.0000000000000000     
   0.0000000000000000     
   0.0000000000000000     
   0.0000000000000000     
   0.0000000000000000     
   0.0000000000000000     
   0.0000000000000000     
   0.0000000000000000     
   0.0000000000000000     
   0.0000000000000000     
   0.0000000000000000     
   0.0000000000000000     
   0.0000000000000000     
   0.0000000000000000     
   0.0000000000000000     
   0.0000000000000000     
   0.0000000000000000     
   1.8243379749724204E-003
   0.0000000000000000     
   0.0000000000000000     
   0.0000000000000000     
   0.0000000000000000     
   0.0000000000000000     
   0.0000000000000000     
   0.0000000000000000     
   0.0000000000000000     
   0.0000000000000000     
   0.0000000000000000     
   0.0000000000000000     
   0.0000000000000000     
   0.0000000000000000     
   0.0000000000000000     
   0.0000000000000000     
   0.0000000000000000     
  -0.0000000000000000     
   0.0000000000000000     
   0.0000000000000000     
  -0.0000000000000000     
   0.0000000000000000     
   0.0000000000000000     
  -0.0000000000000000     
   0.0000000000000000     
   0.0000000000000000     
  -0.0000000000000000     
   0.0000000000000000     
   0.0000000000000000     
   0.0000000000000000     
   0.0000000000000000     
   0.0000000000000000     
   0.0000000000000000     
   0.0000000000000000     
   0.0000000000000000     
   0.0000000000000000     
   0.0000000000000000     
   0.0000000000000000     
   0.0000000000000000     
   0.0000000000000000     
   0.0000000000000000     
   0.0000000000000000     
   0.0000000000000000     
   0.0000000000000000     
   0.0000000000000000     
   0.0000000000000000     
   0.0000000000000000     
   0.0000000000000000     
   0.0000000000000000     
   0.0000000000000000     
   0.0000000000000000     
   0.0000000000000000     
   0.0000000000000000     
   0.0000000000000000     
  -1.7141853318771861E-003
   0.0000000000000000     
   0.0000000000000000     
   0.0000000000000000     
   0.0000000000000000     
   0.0000000000000000     
   0.0000000000000000     
   0.0000000000000000     
   0.0000000000000000     
   0.0000000000000000     
   0.0000000000000000     
   0.0000000000000000     
   0.0000000000000000     
   0.0000000000000000     
   0.0000000000000000     
   0.0000000000000000     
   0.0000000000000000     
   0.0000000000000000     
   0.0000000000000000     
   0.0000000000000000     
   0.0000000000000000     
   0.0000000000000000     
   0.0000000000000000     
   0.0000000000000000     
   0.0000000000000000     
   0.0000000000000000     
   0.0000000000000000     
   0.0000000000000000     
   0.0000000000000000     
   0.0000000000000000     
   0.0000000000000000     
   0.0000000000000000     
   0.0000000000000000     
   0.0000000000000000     
   0.0000000000000000     
   0.0000000000000000     
   0.0000000000000000     
   0.0000000000000000     
   0.0000000000000000     
   0.0000000000000000     
   0.0000000000000000     
   0.0000000000000000     
   0.0000000000000000     
   0.0000000000000000     
   0.0000000000000000     
   0.0000000000000000     
   0.0000000000000000     
   0.0000000000000000     
   0.0000000000000000     
   0.0000000000000000     
   0.0000000000000000     
   0.0000000000000000     
   0.0000000000000000     
   0.0000000000000000     
   5.7139506399782249E-004
   0.0000000000000000     
   0.0000000000000000     
   0.0000000000000000     
   0.0000000000000000     
   0.0000000000000000     
   0.0000000000000000     
   0.0000000000000000     
   0.0000000000000000     
   0.0000000000000000     
   0.0000000000000000     
   0.0000000000000000     
   0.0000000000000000     
   0.0000000000000000     
   0.0000000000000000     
   0.0000000000000000     
   0.0000000000000000     
   0.0000000000000000     
   0.0000000000000000     
   0.0000000000000000     
   0.0000000000000000     
   0.0000000000000000     
   0.0000000000000000     
   0.0000000000000000     
   0.0000000000000000     
   0.0000000000000000     
   0.0000000000000000     
   0.0000000000000000     
   0.0000000000000000     
   0.0000000000000000     
   0.0000000000000000     
   0.0000000000000000     
   0.0000000000000000     
   0.0000000000000000     
   0.0000000000000000     
   0.0000000000000000     
   0.0000000000000000     
   0.0000000000000000     
   0.0000000000000000     
   0.0000000000000000     
   0.0000000000000000     
   0.0000000000000000     
   0.0000000000000000     
   0.0000000000000000     
   0.0000000000000000     
   0.0000000000000000     
   0.0000000000000000     
   0.0000000000000000     
   0.0000000000000000     
   0.0000000000000000     
   0.0000000000000000     
   0.0000000000000000     
   0.0000000000000000     
   0.0000000000000000     
   0.0000000000000000     
   1.7141851919934678E-003
   0.0000000000000000     
   0.0000000000000000     
   0.0000000000000000     
   0.0000000000000000     
   0.0000000000000000     
   0.0000000000000000     
   0.0000000000000000     
   0.0000000000000000     
   0.0000000000000000     
   0.0000000000000000     
   0.0000000000000000     
   0.0000000000000000     
   0.0000000000000000     
   0.0000000000000000     
   0.0000000000000000     
   0.0000000000000000     
   0.0000000000000000     
   0.0000000000000000     
   0.0000000000000000     
  -0.0000000000000000     
   0.0000000000000000     
   0.0000000000000000     
  -0.0000000000000000     
   0.0000000000000000     
   0.0000000000000000     
  -0.0000000000000000     
   0.0000000000000000     
   0.0000000000000000     
  -0.0000000000000000     
   0.0000000000000000     
   0.0000000000000000     
  -0.0000000000000000     
   0.0000000000000000     
   0.0000000000000000     
  -0.0000000000000000     
   0.0000000000000000     
   0.0000000000000000     
  -0.0000000000000000     
   0.0000000000000000     
   0.0000000000000000     
  -0.0000000000000000     
   0.0000000000000000     
   0.0000000000000000     
  -0.0000000000000000     
   0.0000000000000000     
   0.0000000000000000     
  -0.0000000000000000     
   0.0000000000000000     
   0.0000000000000000     
  -0.0000000000000000     
   0.0000000000000000     
   0.0000000000000000     
   0.0000000000000000     
   0.0000000000000000     
   0.0000000000000000     
   0.0000000000000000     
  -1.9793708063623118E-003
   0.0000000000000000     
   0.0000000000000000     
   0.0000000000000000     
   0.0000000000000000     
  -4.0420691701704281E-008
  -1.3026090650331866E-007
  -5.4573393338407373E-007
  -2.4985419109973712E-006
  -1.1275905510514493E-005
  -4.9237718524402814E-005
  -1.9801544182799713E-004
  -6.4920672583814679E-004
  -1.4519322954745385E-003
  -1.8043826468778549E-003
  -1.1602635910379323E-003
  -4.4324434491836050E-004
  -1.3250997326532803E-004
  -4.5275681882550074E-005
   0.0000000000000000     
   0.0000000000000000     
  -0.0000000000000000     
   0.0000000000000000     
   0.0000000000000000     
  -0.0000000000000000     
   0.0000000000000000     
   0.0000000000000000     
  -0.0000000000000000     
   0.0000000000000000     
   0.0000000000000000     
  -0.0000000000000000     
   0.0000000000000000     
   0.0000000000000000     
  -0.0000000000000000     
   0.0000000000000000     
   0.0000000000000000     
  -0.0000000000000000     
   0.0000000000000000     
   0.0000000000000000     
  -0.0000000000000000     
   0.0000000000000000     
   0.0000000000000000     
  -0.0000000000000000     
   0.0000000000000000     
   0.0000000000000000     
  -0.0000000000000000     
   0.0000000000000000     
   0.0000000000000000     
  -0.0000000000000000     
   0.0000000000000000     
   0.0000000000000000     
  -0.0000000000000000     
  -1.3988371810848947E-010
  -1.1427902678793672E-003
  -3.4283708036381018E-003
   0.0000000000000000     
   0.0000000000000000     
   0.0000000000000000     
   1.0532815374653128E-003
  -1.0532821821024800E-003
  -3.1598465463074398E-003
   0.0000000000000000     
   0.0000000000000000     
   0.0000000000000000     
   0.0000000000000000     
   0.0000000000000000     
   0.0000000000000000     
   0.0000000000000000     
   0.0000000000000000     
   0.0000000000000000     
   0.0000000000000000     
   0.0000000000000000     
   0.0000000000000000     
   0.0000000000000000     
   0.0000000000000000     
   0.0000000000000000     
   0.0000000000000000     
   0.0000000000000000     
   0.0000000000000000     
   0.0000000000000000     
   0.0000000000000000     
   0.0000000000000000     
   0.0000000000000000     
   0.0000000000000000     
   0.0000000000000000     
   0.0000000000000000     
   0.0000000000000000     
   0.0000000000000000     
   0.0000000000000000     
   0.0000000000000000     
   0.0000000000000000     
   0.0000000000000000     
   0.0000000000000000     
   0.0000000000000000     
   0.0000000000000000     
   0.0000000000000000     
   0.0000000000000000     
   0.0000000000000000     
   0.0000000000000000     
   0.0000000000000000     
   0.0000000000000000     
   0.0000000000000000     
   0.0000000000000000     
   0.0000000000000000     
   0.0000000000000000     
   0.0000000000000000     
   0.0000000000000000     
   0.0000000000000000     
   0.0000000000000000     
   0.0000000000000000     
   0.0000000000000000     
   0.0000000000000000     
   0.0000000000000000     
   9.8968528203829888E-004
   0.0000000000000000     
   0.0000000000000000     
   0.0000000000000000     
   0.0000000000000000     
   0.0000000000000000     
   1.8243378074907694E-003
   0.0000000000000000     
   0.0000000000000000     
  -0.0000000000000000     
  -0.0000000000000000     
  -0.0000000000000000     
  -0.0000000000000000     
  -0.0000000000000000     
  -0.0000000000000000     
  -0.0000000000000000     
  -0.0000000000000000     
  -0.0000000000000000     
  -0.0000000000000000     
  -0.0000000000000000     
  -0.0000000000000000     
  -0.0000000000000000     
  -0.0000000000000000     
   0.0000000000000000     
   0.0000000000000000     
  -9.7397334046678784E-004
   0.0000000000000000     
   0.0000000000000000     
  -1.3545384973041729E-003
   0.0000000000000000     
   0.0000000000000000     
  -1.2760645116970926E-003
   0.0000000000000000     
   0.0000000000000000     
  -7.0131455389366778E-004
   0.0000000000000000     
   0.0000000000000000     
  -2.6141758269923956E-004
   0.0000000000000000     
   0.0000000000000000     
  -9.9903387222801955E-005
   0.0000000000000000     
   0.0000000000000000     
  -2.5480179106682143E-005
   0.0000000000000000     
   0.0000000000000000     
  -5.9189870329410011E-006
   0.0000000000000000     
   0.0000000000000000     
  -1.3091175407432644E-006
   0.0000000000000000     
   0.0000000000000000     
  -2.8234635081714468E-007
   0.0000000000000000     
   0.0000000000000000     
  -6.0124900677328611E-008
  -0.0000000000000000     
  -0.0000000000000000     
  -0.0000000000000000     
   0.0000000000000000     
   0.0000000000000000     
   0.0000000000000000     
   0.0000000000000000     
  -0.0000000000000000     
  -0.0000000000000000     
   0.0000000000000000     
   0.0000000000000000     
   0.0000000000000000     
   0.0000000000000000     
   0.0000000000000000     
   0.0000000000000000     
   0.0000000000000000     
   0.0000000000000000     
   0.0000000000000000     
   0.0000000000000000     
   0.0000000000000000     
   0.0000000000000000     
   0.0000000000000000     
   0.0000000000000000     
   0.0000000000000000     
   0.0000000000000000     
   0.0000000000000000     
   0.0000000000000000     
   0.0000000000000000     
   0.0000000000000000     
   0.0000000000000000     
   0.0000000000000000     
   0.0000000000000000     
   0.0000000000000000     
   0.0000000000000000     
   0.0000000000000000     
   0.0000000000000000     
   0.0000000000000000     
   0.0000000000000000     
   0.0000000000000000     
   0.0000000000000000     
   0.0000000000000000     
   0.0000000000000000     
   0.0000000000000000     
   0.0000000000000000     
   0.0000000000000000     
   0.0000000000000000     
   0.0000000000000000     
   0.0000000000000000     
   0.0000000000000000     
   0.0000000000000000     
   0.0000000000000000     
   0.0000000000000000     
   0.0000000000000000     
   0.0000000000000000     
   0.0000000000000000     
   0.0000000000000000     
   0.0000000000000000     
   0.0000000000000000     
   0.0000000000000000     
   0.0000000000000000     
   0.0000000000000000     
   0.0000000000000000     
   0.0000000000000000     
   0.0000000000000000     
   0.0000000000000000     
   0.0000000000000000     
   0.0000000000000000     
   0.0000000000000000     
   0.0000000000000000     
   0.0000000000000000     
   0.0000000000000000     
   0.0000000000000000     
   0.0000000000000000     
   0.0000000000000000     
   0.0000000000000000     
   0.0000000000000000     
   0.0000000000000000     
   0.0000000000000000     
   0.0000000000000000     
   0.0000000000000000     
   0.0000000000000000     
   0.0000000000000000     
   0.0000000000000000     
   0.0000000000000000     
   0.0000000000000000     
   0.0000000000000000     
   0.0000000000000000     
   0.0000000000000000     
   4.2696858351904868E-004
   0.0000000000000000     
   0.0000000000000000     
   1.0290774969779419E-003
   0.0000000000000000     
   0.0000000000000000     
   1.9567280746157771E-003
   0.0000000000000000     
   0.0000000000000000     
   2.2042782490284247E-003
   0.0000000000000000     
   0.0000000000000000     
   1.6493562908321028E-003
   0.0000000000000000     
   0.0000000000000000     
   1.0882553833230859E-003
   0.0000000000000000     
   0.0000000000000000     
   5.5511458463220690E-004
   0.0000000000000000     
   0.0000000000000000     
   2.5790315375208103E-004
   0.0000000000000000     
   0.0000000000000000     
   1.1408173411124225E-004
   0.0000000000000000     
   0.0000000000000000     
   4.9209173600852554E-005
   0.0000000000000000     
   0.0000000000000000     
   2.0957578895132022E-005
   0.0000000000000000     
   0.0000000000000000     
   0.0000000000000000     
   0.0000000000000000     
   0.0000000000000000     
   0.0000000000000000     
   0.0000000000000000     
   0.0000000000000000     
   0.0000000000000000     
   0.0000000000000000     
   0.0000000000000000     
   0.0000000000000000     
   0.0000000000000000     
   0.0000000000000000     
   1.0946027562115234E-003
   0.0000000000000000     
   0.0000000000000000     
   0.0000000000000000     
   0.0000000000000000     
   0.0000000000000000     
   0.0000000000000000     
   0.0000000000000000     
   0.0000000000000000     
   0.0000000000000000     
   0.0000000000000000     
   0.0000000000000000     
   0.0000000000000000     
   0.0000000000000000     
   0.0000000000000000     
   0.0000000000000000     
   0.0000000000000000     
   0.0000000000000000     
   0.0000000000000000     
   0.0000000000000000     
   0.0000000000000000     
   0.0000000000000000     
   0.0000000000000000     
   0.0000000000000000     
   0.0000000000000000     
   0.0000000000000000     
   0.0000000000000000     
   0.0000000000000000     
   0.0000000000000000     
   0.0000000000000000     
   0.0000000000000000     
   0.0000000000000000     
   0.0000000000000000     
   0.0000000000000000     
   0.0000000000000000     
   0.0000000000000000     
   0.0000000000000000     
   0.0000000000000000     
   0.0000000000000000     
   0.0000000000000000     
   0.0000000000000000     
   0.0000000000000000     
   0.0000000000000000     
   0.0000000000000000     
   0.0000000000000000     
   0.0000000000000000     
   0.0000000000000000     
   0.0000000000000000     
   0.0000000000000000     
   0.0000000000000000     
   0.0000000000000000     
   0.0000000000000000     
   0.0000000000000000     
  -0.0000000000000000     
   0.0000000000000000     
   0.0000000000000000     
   0.0000000000000000     
   0.0000000000000000     
   0.0000000000000000     
   0.0000000000000000     
   0.0000000000000000     
   0.0000000000000000     
   0.0000000000000000     
   0.0000000000000000     
   0.0000000000000000     
   0.0000000000000000     
   0.0000000000000000     
   0.0000000000000000     
   0.0000000000000000     
   0.0000000000000000     
   0.0000000000000000     
   0.0000000000000000     
   0.0000000000000000     
   0.0000000000000000     
   0.0000000000000000     
   0.0000000000000000     
   0.0000000000000000     
   0.0000000000000000     
   0.0000000000000000     
   0.0000000000000000     
  -1.1336701485320268E-003
   0.0000000000000000     
   0.0000000000000000     
  -1.2521977242398385E-003
   0.0000000000000000     
   0.0000000000000000     
  -4.4378574850857807E-004
   0.0000000000000000     
   0.0000000000000000     
   5.9751387355602952E-004
   0.0000000000000000     
   0.0000000000000000     
   8.3965917126977362E-004
   0.0000000000000000     
   0.0000000000000000     
   6.6221042446887204E-004
   0.0000000000000000     
   0.0000000000000000     
   3.7577433643256469E-004
   0.0000000000000000     
   0.0000000000000000     
   1.8340613847189340E-004
   0.0000000000000000     
   0.0000000000000000     
   8.3079979004921871E-005
   0.0000000000000000     
   0.0000000000000000     
   3.6257451894990349E-005
   0.0000000000000000     
   0.0000000000000000     
   1.5531226636236139E-005
   0.0000000000000000     
   0.0000000000000000     
   0.0000000000000000     
   0.0000000000000000     
   0.0000000000000000     
   0.0000000000000000     
  -0.0000000000000000     
   0.0000000000000000     
   0.0000000000000000     
   0.0000000000000000     
   0.0000000000000000     
   0.0000000000000000     
   0.0000000000000000     
   0.0000000000000000     
   8.1586853105839949E-004
   0.0000000000000000     
   0.0000000000000000     
   0.0000000000000000     
   0.0000000000000000     
  -0.0000000000000000     
  -0.0000000000000000     
  -0.0000000000000000     
  -0.0000000000000000     
  -0.0000000000000000     
  -0.0000000000000000     
  -0.0000000000000000     
  -0.0000000000000000     
  -0.0000000000000000     
  -0.0000000000000000     
  -0.0000000000000000     
  -0.0000000000000000     
  -0.0000000000000000     
  -0.0000000000000000     
   0.0000000000000000     
   0.0000000000000000     
  -7.2595688675406757E-004
   0.0000000000000000     
   0.0000000000000000     
  -1.0096134272157347E-003
   0.0000000000000000     
   0.0000000000000000     
  -9.5112238499624668E-004
   0.0000000000000000     
   0.0000000000000000     
  -5.2272904283560918E-004
   0.0000000000000000     
   0.0000000000000000     
  -1.9484917769900750E-004
   0.0000000000000000     
   0.0000000000000000     
  -7.4463594780743871E-005
   0.0000000000000000     
   0.0000000000000000     
  -1.8991805902578560E-005
   0.0000000000000000     
   0.0000000000000000     
  -4.4117528619648839E-006
   0.0000000000000000     
   0.0000000000000000     
  -9.7575869501482903E-007
   0.0000000000000000     
   0.0000000000000000     
  -2.1044856430979498E-007
   0.0000000000000000     
   0.0000000000000000     
  -4.4814459239794469E-008
   0.0000000000000000     
  -0.0000000000000000     
  -0.0000000000000000     
   0.0000000000000000     
   0.0000000000000000     
   0.0000000000000000     
   0.0000000000000000     
  -0.0000000000000000     
  -0.0000000000000000     
   0.0000000000000000     
   0.0000000000000000     
   0.0000000000000000     
   0.0000000000000000     
   0.0000000000000000     
  -8.1586883936368313E-004
   0.0000000000000000     
   6.0811258489043606E-004
   0.0000000000000000     
   0.0000000000000000     
   0.0000000000000000     
   0.0000000000000000     
   0.0000000000000000     
   0.0000000000000000     
   0.0000000000000000     
   0.0000000000000000     
   0.0000000000000000     
   0.0000000000000000     
   0.0000000000000000     
   0.0000000000000000     
   0.0000000000000000     
   0.0000000000000000     
   0.0000000000000000     
   3.1824359233512963E-004
   0.0000000000000000     
   0.0000000000000000     
   7.6702907911933729E-004
   0.0000000000000000     
   0.0000000000000000     
   1.4584589961077190E-003
   0.0000000000000000     
   0.0000000000000000     
   1.6429720020505892E-003
   0.0000000000000000     
   0.0000000000000000     
   1.2293575951391647E-003
   0.0000000000000000     
   0.0000000000000000     
   8.1113767133017024E-004
   0.0000000000000000     
   0.0000000000000000     
   4.1375798217972476E-004
   0.0000000000000000     
   0.0000000000000000     
   1.9222966113374433E-004
   0.0000000000000000     
   0.0000000000000000     
   8.5031504154598080E-005
   0.0000000000000000     
   0.0000000000000000     
   3.6678352429364809E-005
   0.0000000000000000     
   0.0000000000000000     
   1.5620857017776708E-005
   0.0000000000000000     
   0.0000000000000000     
   0.0000000000000000     
   0.0000000000000000     
   0.0000000000000000     
   0.0000000000000000     
   0.0000000000000000     
   0.0000000000000000     
   0.0000000000000000     
   0.0000000000000000     
   0.0000000000000000     
   0.0000000000000000     
   0.0000000000000000     
   0.0000000000000000     
   8.1586872374919857E-004
   0.0000000000000000     
   0.0000000000000000     
   0.0000000000000000     
   0.0000000000000000     
   1.8243380131931540E-003
   0.0000000000000000     
  -0.0000000000000000     
  -0.0000000000000000     
  -0.0000000000000000     
  -0.0000000000000000     
  -0.0000000000000000     
  -0.0000000000000000     
  -0.0000000000000000     
  -0.0000000000000000     
  -0.0000000000000000     
  -0.0000000000000000     
  -0.0000000000000000     
  -0.0000000000000000     
  -0.0000000000000000     
  -0.0000000000000000     
   0.0000000000000000     
   0.0000000000000000     
  -2.1778706602622023E-003
   0.0000000000000000     
   0.0000000000000000     
  -3.0288402816472039E-003
   0.0000000000000000     
   0.0000000000000000     
  -2.8533671549887405E-003
   0.0000000000000000     
   0.0000000000000000     
  -1.5681871285068275E-003
   0.0000000000000000     
   0.0000000000000000     
  -5.8454753309702262E-004
   0.0000000000000000     
   0.0000000000000000     
  -2.2339078434223161E-004
   0.0000000000000000     
   0.0000000000000000     
  -5.6975417707735672E-005
   0.0000000000000000     
   0.0000000000000000     
  -1.3235258585894650E-005
   0.0000000000000000     
   0.0000000000000000     
  -2.9272760850444869E-006
   0.0000000000000000     
   0.0000000000000000     
  -6.3134569292938481E-007
   0.0000000000000000     
   0.0000000000000000     
  -1.3444337771938341E-007
   0.0000000000000000     
  -0.0000000000000000     
  -0.0000000000000000     
   0.0000000000000000     
   0.0000000000000000     
   0.0000000000000000     
   0.0000000000000000     
  -0.0000000000000000     
  -0.0000000000000000     
   0.0000000000000000     
   0.0000000000000000     
   0.0000000000000000     
   0.0000000000000000     
   0.0000000000000000     
  -4.0793441968184161E-003
   0.0000000000000000     
   1.8243377546713080E-003
   0.0000000000000000     
  -1.8243381855410513E-003
   0.0000000000000000     
   0.0000000000000000     
   0.0000000000000000     
   0.0000000000000000     
   0.0000000000000000     
   0.0000000000000000     
   0.0000000000000000     
   0.0000000000000000     
   0.0000000000000000     
   0.0000000000000000     
   0.0000000000000000     
   0.0000000000000000     
   0.0000000000000000     
   0.0000000000000000     
   0.0000000000000000     
   0.0000000000000000     
   0.0000000000000000     
   0.0000000000000000     
   0.0000000000000000     
   0.0000000000000000     
   0.0000000000000000     
   0.0000000000000000     
   0.0000000000000000     
   0.0000000000000000     
   0.0000000000000000     
   0.0000000000000000     
   0.0000000000000000     
   0.0000000000000000     
   0.0000000000000000     
   0.0000000000000000     
   0.0000000000000000     
   0.0000000000000000     
   0.0000000000000000     
   0.0000000000000000     
   0.0000000000000000     
   0.0000000000000000     
   0.0000000000000000     
   0.0000000000000000     
   0.0000000000000000     
   0.0000000000000000     
   0.0000000000000000     
   0.0000000000000000     
   0.0000000000000000     
   0.0000000000000000     
   0.0000000000000000     
   0.0000000000000000     
   0.0000000000000000     
   0.0000000000000000     
   0.0000000000000000     
   0.0000000000000000     
   0.0000000000000000     
   0.0000000000000000     
   0.0000000000000000     
   0.0000000000000000     
   0.0000000000000000     
   0.0000000000000000     
   0.0000000000000000     
   0.0000000000000000     
   0.0000000000000000     
   0.0000000000000000     
   0.0000000000000000     
   0.0000000000000000     
   0.0000000000000000     
   0.0000000000000000     
   0.0000000000000000     
   0.0000000000000000     
   0.0000000000000000     
   0.0000000000000000     
   0.0000000000000000     
   0.0000000000000000     
   0.0000000000000000     
   0.0000000000000000     
   0.0000000000000000     
   0.0000000000000000     
   0.0000000000000000     
   0.0000000000000000     
   0.0000000000000000     
   0.0000000000000000     
   0.0000000000000000     
   0.0000000000000000     
   0.0000000000000000     
   0.0000000000000000     
   0.0000000000000000     
   0.0000000000000000     
  -1.2573942119625710E-003
   0.0000000000000000     
   0.0000000000000000     
  -1.7487017519413959E-003
   0.0000000000000000     
   0.0000000000000000     
  -1.6473922950295857E-003
   0.0000000000000000     
   0.0000000000000000     
  -9.0539326078312307E-004
   0.0000000000000000     
   0.0000000000000000     
  -3.3748867558769765E-004
   0.0000000000000000     
   0.0000000000000000     
  -1.2897472947446910E-004
   0.0000000000000000     
   0.0000000000000000     
  -3.2894772750752575E-005
   0.0000000000000000     
   0.0000000000000000     
  -7.6413801073605821E-006
   0.0000000000000000     
   0.0000000000000000     
  -1.6900636356927889E-006
   0.0000000000000000     
   0.0000000000000000     
  -3.6450760576449125E-007
   0.0000000000000000     
   0.0000000000000000     
  -7.7620920317048580E-008
   0.0000000000000000     
   0.0000000000000000     
   0.0000000000000000     
   0.0000000000000000     
   0.0000000000000000     
   0.0000000000000000     
  -0.0000000000000000     
   0.0000000000000000     
   0.0000000000000000     
   0.0000000000000000     
   0.0000000000000000     
   0.0000000000000000     
  -0.0000000000000000     
   0.0000000000000000     
  -1.4131262820901505E-003
   0.0000000000000000     
   1.0532818937522774E-003
   0.0000000000000000     
   0.0000000000000000     
   0.0000000000000000     
   0.0000000000000000     
  -3.1598464275451191E-003
   0.0000000000000000     
