  -0.0000000000000000     
  -0.0000000000000000     
  -0.0000000000000000     
  -0.0000000000000000     
  -0.0000000000000000     
  -0.0000000000000000     
  -0.0000000000000000     
  -0.0000000000000000     
  -0.0000000000000000     
  -0.0000000000000000     
  -0.0000000000000000     
  -0.0000000000000000     
  -0.0000000000000000     
  -0.0000000000000000     
  -0.0000000000000000     
  -0.0000000000000000     
  -0.0000000000000000     
  -0.0000000000000000     
  -0.0000000000000000     
  -0.0000000000000000     
  -0.0000000000000000     
  -0.0000000000000000     
  -0.0000000000000000     
  -0.0000000000000000     
  -0.0000000000000000     
  -0.0000000000000000     
  -0.0000000000000000     
  -0.0000000000000000     
  -0.0000000000000000     
  -0.0000000000000000     
  -0.0000000000000000     
  -0.0000000000000000     
  -0.0000000000000000     
  -0.0000000000000000     
  -0.0000000000000000     
  -0.0000000000000000     
  -0.0000000000000000     
  -0.0000000000000000     
  -0.0000000000000000     
  -0.0000000000000000     
  -0.0000000000000000     
  -0.0000000000000000     
  -0.0000000000000000     
  -0.0000000000000000     
  -0.0000000000000000     
  -0.0000000000000000     
  -0.0000000000000000     
  -0.0000000000000000     
  -0.0000000000000000     
  -0.0000000000000000     
  -0.0000000000000000     
  -0.0000000000000000     
  -0.0000000000000000     
  -0.0000000000000000     
  -0.0000000000000000     
  -0.0000000000000000     
  -0.0000000000000000     
  -0.0000000000000000     
  -0.0000000000000000     
  -0.0000000000000000     
  -0.0000000000000000     
  -0.0000000000000000     
  -0.0000000000000000     
  -0.0000000000000000     
  -0.0000000000000000     
  -0.0000000000000000     
  -0.0000000000000000     
  -0.0000000000000000     
  -0.0000000000000000     
  -0.0000000000000000     
  -0.0000000000000000     
  -0.0000000000000000     
  -0.0000000000000000     
  -0.0000000000000000     
  -0.0000000000000000     
  -0.0000000000000000     
  -0.0000000000000000     
  -0.0000000000000000     
  -0.0000000000000000     
  -0.0000000000000000     
  -0.0000000000000000     
  -0.0000000000000000     
  -0.0000000000000000     
  -0.0000000000000000     
  -0.0000000000000000     
  -0.0000000000000000     
  -0.0000000000000000     
  -0.0000000000000000     
  -0.0000000000000000     
  -0.0000000000000000     
  -0.0000000000000000     
  -0.0000000000000000     
  -0.0000000000000000     
  -0.0000000000000000     
  -0.0000000000000000     
  -0.0000000000000000     
  -0.0000000000000000     
  -0.0000000000000000     
  -0.0000000000000000     
  -0.0000000000000000     
  -0.0000000000000000     
  -0.0000000000000000     
  -0.0000000000000000     
  -0.0000000000000000     
  -0.0000000000000000     
   0.0000000000000000     
   0.0000000000000000     
   0.0000000000000000     
   0.0000000000000000     
   0.0000000000000000     
   0.0000000000000000     
   0.0000000000000000     
   0.0000000000000000     
   0.0000000000000000     
   0.0000000000000000     
   0.0000000000000000     
   0.0000000000000000     
   0.0000000000000000     
   0.0000000000000000     
  -0.0000000000000000     
  -0.0000000000000000     
  -0.0000000000000000     
  -0.0000000000000000     
  -0.0000000000000000     
  -0.0000000000000000     
  -0.0000000000000000     
  -0.0000000000000000     
  -0.0000000000000000     
  -0.0000000000000000     
  -0.0000000000000000     
  -0.0000000000000000     
  -0.0000000000000000     
  -0.0000000000000000     
  -0.0000000000000000     
  -0.0000000000000000     
  -0.0000000000000000     
  -0.0000000000000000     
  -0.0000000000000000     
  -0.0000000000000000     
  -0.0000000000000000     
  -0.0000000000000000     
  -0.0000000000000000     
  -0.0000000000000000     
  -0.0000000000000000     
  -0.0000000000000000     
  -0.0000000000000000     
  -0.0000000000000000     
  -0.0000000000000000     
  -0.0000000000000000     
  -0.0000000000000000     
  -4.4683396409112224E-019
  -0.0000000000000000     
  -0.0000000000000000     
   0.0000000000000000     
   0.0000000000000000     
   0.0000000000000000     
   0.0000000000000000     
   0.0000000000000000     
   0.0000000000000000     
   0.0000000000000000     
   0.0000000000000000     
   0.0000000000000000     
   0.0000000000000000     
   0.0000000000000000     
   0.0000000000000000     
   0.0000000000000000     
   0.0000000000000000     
  -0.0000000000000000     
   0.0000000000000000     
  -5.1618989520431449E-019
  -0.0000000000000000     
  -0.0000000000000000     
  -0.0000000000000000     
  -0.0000000000000000     
  -0.0000000000000000     
  -0.0000000000000000     
  -0.0000000000000000     
  -0.0000000000000000     
  -0.0000000000000000     
  -0.0000000000000000     
  -0.0000000000000000     
  -0.0000000000000000     
  -0.0000000000000000     
  -0.0000000000000000     
  -0.0000000000000000     
  -0.0000000000000000     
  -0.0000000000000000     
  -0.0000000000000000     
  -0.0000000000000000     
  -0.0000000000000000     
  -0.0000000000000000     
  -0.0000000000000000     
  -0.0000000000000000     
  -0.0000000000000000     
  -0.0000000000000000     
  -0.0000000000000000     
  -0.0000000000000000     
  -0.0000000000000000     
  -0.0000000000000000     
  -0.0000000000000000     
  -0.0000000000000000     
  -0.0000000000000000     
  -0.0000000000000000     
  -0.0000000000000000     
  -5.1618989520431449E-019
  -0.0000000000000000     
  -0.0000000000000000     
  -4.4683395730859248E-019
  -0.0000000000000000     
  -0.0000000000000000     
   0.0000000000000000     
   0.0000000000000000     
   0.0000000000000000     
   0.0000000000000000     
   0.0000000000000000     
   0.0000000000000000     
   0.0000000000000000     
   0.0000000000000000     
   0.0000000000000000     
   0.0000000000000000     
   0.0000000000000000     
   0.0000000000000000     
   0.0000000000000000     
   0.0000000000000000     
  -0.0000000000000000     
   0.0000000000000000     
  -4.3831135590297743E-019
  -0.0000000000000000     
   0.0000000000000000     
  -5.1380604568711272E-019
  -0.0000000000000000     
  -0.0000000000000000     
  -0.0000000000000000     
  -0.0000000000000000     
  -0.0000000000000000     
  -0.0000000000000000     
  -0.0000000000000000     
  -0.0000000000000000     
  -0.0000000000000000     
  -0.0000000000000000     
  -0.0000000000000000     
  -0.0000000000000000     
  -0.0000000000000000     
  -0.0000000000000000     
  -0.0000000000000000     
  -0.0000000000000000     
  -0.0000000000000000     
  -0.0000000000000000     
  -0.0000000000000000     
  -0.0000000000000000     
  -0.0000000000000000     
  -0.0000000000000000     
  -0.0000000000000000     
  -0.0000000000000000     
  -0.0000000000000000     
  -0.0000000000000000     
  -0.0000000000000000     
  -0.0000000000000000     
  -0.0000000000000000     
  -0.0000000000000000     
  -0.0000000000000000     
  -0.0000000000000000     
  -0.0000000000000000     
  -0.0000000000000000     
  -0.0000000000000000     
  -0.0000000000000000     
  -0.0000000000000000     
  -4.3831135590297743E-019
  -0.0000000000000000     
  -0.0000000000000000     
  -5.1380604568711272E-019
  -0.0000000000000000     
  -0.0000000000000000     
  -4.4683394097882921E-019
  -0.0000000000000000     
  -0.0000000000000000     
   0.0000000000000000     
   0.0000000000000000     
   0.0000000000000000     
   0.0000000000000000     
   0.0000000000000000     
   0.0000000000000000     
   0.0000000000000000     
   0.0000000000000000     
   0.0000000000000000     
   0.0000000000000000     
   0.0000000000000000     
   0.0000000000000000     
   0.0000000000000000     
   0.0000000000000000     
  -0.0000000000000000     
   0.0000000000000000     
  -2.7283736356222827E-019
  -0.0000000000000000     
   0.0000000000000000     
  -4.0160915164686648E-019
  -0.0000000000000000     
   0.0000000000000000     
  -5.1304306395824169E-019
  -0.0000000000000000     
  -0.0000000000000000     
  -0.0000000000000000     
  -0.0000000000000000     
  -0.0000000000000000     
  -0.0000000000000000     
  -0.0000000000000000     
  -0.0000000000000000     
  -0.0000000000000000     
  -0.0000000000000000     
  -0.0000000000000000     
  -0.0000000000000000     
  -0.0000000000000000     
  -0.0000000000000000     
  -0.0000000000000000     
  -0.0000000000000000     
  -0.0000000000000000     
  -0.0000000000000000     
  -0.0000000000000000     
  -0.0000000000000000     
  -0.0000000000000000     
  -0.0000000000000000     
  -0.0000000000000000     
  -0.0000000000000000     
  -0.0000000000000000     
  -0.0000000000000000     
  -0.0000000000000000     
  -0.0000000000000000     
  -0.0000000000000000     
  -0.0000000000000000     
  -0.0000000000000000     
  -0.0000000000000000     
  -0.0000000000000000     
  -0.0000000000000000     
  -0.0000000000000000     
  -0.0000000000000000     
  -0.0000000000000000     
  -0.0000000000000000     
  -0.0000000000000000     
  -0.0000000000000000     
  -2.7283736356222827E-019
  -0.0000000000000000     
  -0.0000000000000000     
  -4.0160915164686648E-019
  -0.0000000000000000     
  -0.0000000000000000     
  -5.1304306395824169E-019
  -0.0000000000000000     
  -0.0000000000000000     
  -4.4683390700452327E-019
  -0.0000000000000000     
  -0.0000000000000000     
   0.0000000000000000     
   0.0000000000000000     
   0.0000000000000000     
   0.0000000000000000     
   0.0000000000000000     
   0.0000000000000000     
   0.0000000000000000     
   0.0000000000000000     
   0.0000000000000000     
   0.0000000000000000     
   0.0000000000000000     
   0.0000000000000000     
   0.0000000000000000     
   0.0000000000000000     
  -0.0000000000000000     
   0.0000000000000000     
  -1.4255449611520274E-019
  -0.0000000000000000     
   0.0000000000000000     
  -2.4086427464211786E-019
  -0.0000000000000000     
   0.0000000000000000     
  -4.0285667521542195E-019
  -0.0000000000000000     
   0.0000000000000000     
  -5.1405415111524728E-019
  -0.0000000000000000     
  -0.0000000000000000     
  -0.0000000000000000     
  -0.0000000000000000     
  -0.0000000000000000     
  -0.0000000000000000     
  -0.0000000000000000     
  -0.0000000000000000     
  -0.0000000000000000     
  -0.0000000000000000     
  -0.0000000000000000     
  -0.0000000000000000     
  -0.0000000000000000     
  -0.0000000000000000     
  -0.0000000000000000     
  -0.0000000000000000     
  -0.0000000000000000     
  -0.0000000000000000     
  -0.0000000000000000     
  -0.0000000000000000     
  -0.0000000000000000     
  -0.0000000000000000     
  -0.0000000000000000     
  -0.0000000000000000     
  -0.0000000000000000     
  -0.0000000000000000     
  -0.0000000000000000     
  -0.0000000000000000     
  -0.0000000000000000     
  -0.0000000000000000     
  -0.0000000000000000     
  -0.0000000000000000     
  -0.0000000000000000     
  -0.0000000000000000     
  -0.0000000000000000     
  -0.0000000000000000     
  -0.0000000000000000     
  -0.0000000000000000     
  -0.0000000000000000     
  -0.0000000000000000     
  -0.0000000000000000     
  -0.0000000000000000     
  -0.0000000000000000     
  -1.4255449611520274E-019
  -0.0000000000000000     
  -0.0000000000000000     
  -2.4086427464211786E-019
  -0.0000000000000000     
  -0.0000000000000000     
  -4.0285667521542195E-019
  -0.0000000000000000     
  -0.0000000000000000     
  -5.1405415111524728E-019
  -0.0000000000000000     
  -0.0000000000000000     
  -4.4683384017673261E-019
  -0.0000000000000000     
  -0.0000000000000000     
   0.0000000000000000     
   0.0000000000000000     
   0.0000000000000000     
   0.0000000000000000     
   0.0000000000000000     
   0.0000000000000000     
   0.0000000000000000     
   0.0000000000000000     
   0.0000000000000000     
   0.0000000000000000     
   0.0000000000000000     
   0.0000000000000000     
   0.0000000000000000     
   0.0000000000000000     
  -0.0000000000000000     
   0.0000000000000000     
  -7.9368947911666544E-020
  -0.0000000000000000     
   0.0000000000000000     
  -1.4310474607422660E-019
  -0.0000000000000000     
   0.0000000000000000     
  -2.7491140950347629E-019
  -0.0000000000000000     
   0.0000000000000000     
  -4.4021449756555919E-019
  -0.0000000000000000     
   0.0000000000000000     
  -5.1612713908125261E-019
  -0.0000000000000000     
  -0.0000000000000000     
  -0.0000000000000000     
  -0.0000000000000000     
  -0.0000000000000000     
  -0.0000000000000000     
  -0.0000000000000000     
  -0.0000000000000000     
  -0.0000000000000000     
  -0.0000000000000000     
  -0.0000000000000000     
  -0.0000000000000000     
  -0.0000000000000000     
  -0.0000000000000000     
  -0.0000000000000000     
  -0.0000000000000000     
  -0.0000000000000000     
  -0.0000000000000000     
  -0.0000000000000000     
  -0.0000000000000000     
  -0.0000000000000000     
  -0.0000000000000000     
  -0.0000000000000000     
  -0.0000000000000000     
  -0.0000000000000000     
  -0.0000000000000000     
  -0.0000000000000000     
  -0.0000000000000000     
  -0.0000000000000000     
  -0.0000000000000000     
  -0.0000000000000000     
  -0.0000000000000000     
  -0.0000000000000000     
  -0.0000000000000000     
  -0.0000000000000000     
  -0.0000000000000000     
  -0.0000000000000000     
  -0.0000000000000000     
  -0.0000000000000000     
  -0.0000000000000000     
  -0.0000000000000000     
  -0.0000000000000000     
  -0.0000000000000000     
  -0.0000000000000000     
  -0.0000000000000000     
  -0.0000000000000000     
  -7.9368947911666544E-020
  -0.0000000000000000     
  -0.0000000000000000     
  -1.4310474607422660E-019
  -0.0000000000000000     
  -0.0000000000000000     
  -2.7491140950347629E-019
  -0.0000000000000000     
  -0.0000000000000000     
  -4.4021449756555919E-019
  -0.0000000000000000     
  -0.0000000000000000     
  -5.1612713908125261E-019
  -0.0000000000000000     
  -0.0000000000000000     
  -4.4683374342850718E-019
  -0.0000000000000000     
  -0.0000000000000000     
   0.0000000000000000     
   0.0000000000000000     
   0.0000000000000000     
   0.0000000000000000     
   0.0000000000000000     
   0.0000000000000000     
   0.0000000000000000     
   0.0000000000000000     
   0.0000000000000000     
   0.0000000000000000     
   0.0000000000000000     
   0.0000000000000000     
   0.0000000000000000     
   0.0000000000000000     
  -0.0000000000000000     
   0.0000000000000000     
  -3.5731708267861740E-020
  -0.0000000000000000     
   0.0000000000000000     
  -6.7568253913627124E-020
  -0.0000000000000000     
   0.0000000000000000     
  -1.4444678477407139E-019
  -0.0000000000000000     
   0.0000000000000000     
  -2.8045845875056516E-019
  -0.0000000000000000     
   0.0000000000000000     
  -4.4096762101502466E-019
  -0.0000000000000000     
   0.0000000000000000     
  -5.1421404431348465E-019
  -0.0000000000000000     
  -0.0000000000000000     
  -0.0000000000000000     
  -0.0000000000000000     
  -0.0000000000000000     
  -0.0000000000000000     
  -0.0000000000000000     
  -0.0000000000000000     
  -0.0000000000000000     
  -0.0000000000000000     
  -0.0000000000000000     
  -0.0000000000000000     
  -0.0000000000000000     
  -0.0000000000000000     
  -0.0000000000000000     
  -0.0000000000000000     
  -0.0000000000000000     
  -0.0000000000000000     
  -0.0000000000000000     
  -0.0000000000000000     
  -0.0000000000000000     
  -0.0000000000000000     
  -0.0000000000000000     
  -0.0000000000000000     
  -0.0000000000000000     
  -0.0000000000000000     
  -0.0000000000000000     
  -0.0000000000000000     
  -0.0000000000000000     
  -0.0000000000000000     
  -0.0000000000000000     
  -0.0000000000000000     
  -0.0000000000000000     
  -0.0000000000000000     
  -0.0000000000000000     
  -0.0000000000000000     
  -0.0000000000000000     
  -0.0000000000000000     
  -0.0000000000000000     
  -0.0000000000000000     
  -0.0000000000000000     
  -0.0000000000000000     
  -0.0000000000000000     
  -0.0000000000000000     
  -0.0000000000000000     
  -0.0000000000000000     
  -0.0000000000000000     
  -0.0000000000000000     
  -0.0000000000000000     
  -3.5731708267861740E-020
  -0.0000000000000000     
  -0.0000000000000000     
  -6.7568253913627124E-020
  -0.0000000000000000     
  -0.0000000000000000     
  -1.4444678477407139E-019
  -0.0000000000000000     
  -0.0000000000000000     
  -2.8045845875056516E-019
  -0.0000000000000000     
  -0.0000000000000000     
  -4.4096762101502466E-019
  -0.0000000000000000     
  -0.0000000000000000     
  -5.1421404431348465E-019
  -0.0000000000000000     
  -0.0000000000000000     
  -4.4683351351333986E-019
  -0.0000000000000000     
  -0.0000000000000000     
   0.0000000000000000     
   0.0000000000000000     
   0.0000000000000000     
   0.0000000000000000     
   0.0000000000000000     
   0.0000000000000000     
   0.0000000000000000     
   0.0000000000000000     
   0.0000000000000000     
   0.0000000000000000     
   0.0000000000000000     
   0.0000000000000000     
   0.0000000000000000     
   0.0000000000000000     
  -0.0000000000000000     
   0.0000000000000000     
  -1.5553637036916972E-020
  -0.0000000000000000     
   0.0000000000000000     
  -3.0149735899986170E-020
  -0.0000000000000000     
   0.0000000000000000     
  -6.8270983909329052E-020
  -0.0000000000000000     
   0.0000000000000000     
  -1.4810065292347166E-019
  -0.0000000000000000     
   0.0000000000000000     
  -2.8129252876136334E-019
  -0.0000000000000000     
   0.0000000000000000     
  -4.0925190628419685E-019
  -0.0000000000000000     
   0.0000000000000000     
  -5.1421364740250341E-019
  -0.0000000000000000     
  -0.0000000000000000     
  -0.0000000000000000     
  -0.0000000000000000     
  -0.0000000000000000     
  -0.0000000000000000     
  -0.0000000000000000     
  -0.0000000000000000     
  -0.0000000000000000     
  -0.0000000000000000     
  -0.0000000000000000     
  -0.0000000000000000     
  -0.0000000000000000     
  -0.0000000000000000     
  -0.0000000000000000     
  -0.0000000000000000     
  -0.0000000000000000     
  -0.0000000000000000     
  -0.0000000000000000     
  -0.0000000000000000     
  -0.0000000000000000     
  -0.0000000000000000     
  -0.0000000000000000     
  -0.0000000000000000     
  -0.0000000000000000     
  -0.0000000000000000     
  -0.0000000000000000     
  -0.0000000000000000     
  -0.0000000000000000     
  -0.0000000000000000     
  -0.0000000000000000     
  -0.0000000000000000     
  -0.0000000000000000     
  -0.0000000000000000     
  -0.0000000000000000     
  -0.0000000000000000     
  -0.0000000000000000     
  -0.0000000000000000     
  -0.0000000000000000     
  -0.0000000000000000     
  -0.0000000000000000     
  -0.0000000000000000     
  -0.0000000000000000     
  -0.0000000000000000     
  -0.0000000000000000     
  -0.0000000000000000     
  -0.0000000000000000     
  -0.0000000000000000     
  -0.0000000000000000     
  -0.0000000000000000     
  -0.0000000000000000     
  -0.0000000000000000     
  -1.5553637036916972E-020
  -0.0000000000000000     
  -0.0000000000000000     
  -3.0149735899986170E-020
  -0.0000000000000000     
  -0.0000000000000000     
  -6.8270983909329052E-020
  -0.0000000000000000     
  -0.0000000000000000     
  -1.4810065292347166E-019
  -0.0000000000000000     
  -0.0000000000000000     
  -2.8129252876136334E-019
  -0.0000000000000000     
  -0.0000000000000000     
  -4.0925190628419685E-019
  -0.0000000000000000     
  -0.0000000000000000     
  -5.1421364740250341E-019
  -0.0000000000000000     
  -0.0000000000000000     
  -4.4683305368327013E-019
  -0.0000000000000000     
  -0.0000000000000000     
   0.0000000000000000     
   0.0000000000000000     
   0.0000000000000000     
   0.0000000000000000     
   0.0000000000000000     
   0.0000000000000000     
   0.0000000000000000     
   0.0000000000000000     
   0.0000000000000000     
   0.0000000000000000     
   0.0000000000000000     
   0.0000000000000000     
   0.0000000000000000     
   0.0000000000000000     
  -0.0000000000000000     
   0.0000000000000000     
  -6.6547795339616496E-021
  -0.0000000000000000     
   0.0000000000000000     
  -1.3064014028506800E-020
  -0.0000000000000000     
   0.0000000000000000     
  -3.0479521388793124E-020
  -0.0000000000000000     
   0.0000000000000000     
  -7.0191426589309873E-020
  -0.0000000000000000     
   0.0000000000000000     
  -1.4865365915722213E-019
  -0.0000000000000000     
   0.0000000000000000     
  -2.4880229055078964E-019
  -0.0000000000000000     
   0.0000000000000000     
  -4.0925150653453441E-019
  -0.0000000000000000     
   0.0000000000000000     
  -5.1421285374679732E-019
  -0.0000000000000000     
  -0.0000000000000000     
  -0.0000000000000000     
  -0.0000000000000000     
  -0.0000000000000000     
  -0.0000000000000000     
  -0.0000000000000000     
  -0.0000000000000000     
  -0.0000000000000000     
  -0.0000000000000000     
  -0.0000000000000000     
  -0.0000000000000000     
  -0.0000000000000000     
  -0.0000000000000000     
  -0.0000000000000000     
  -0.0000000000000000     
  -0.0000000000000000     
  -0.0000000000000000     
  -0.0000000000000000     
  -0.0000000000000000     
  -0.0000000000000000     
  -0.0000000000000000     
  -0.0000000000000000     
  -0.0000000000000000     
  -0.0000000000000000     
  -0.0000000000000000     
  -0.0000000000000000     
  -0.0000000000000000     
  -0.0000000000000000     
  -0.0000000000000000     
  -0.0000000000000000     
  -0.0000000000000000     
  -0.0000000000000000     
  -0.0000000000000000     
  -0.0000000000000000     
  -0.0000000000000000     
  -0.0000000000000000     
  -0.0000000000000000     
  -0.0000000000000000     
  -0.0000000000000000     
  -0.0000000000000000     
  -0.0000000000000000     
  -0.0000000000000000     
  -0.0000000000000000     
  -0.0000000000000000     
  -0.0000000000000000     
  -0.0000000000000000     
  -0.0000000000000000     
  -0.0000000000000000     
  -0.0000000000000000     
  -0.0000000000000000     
  -0.0000000000000000     
  -0.0000000000000000     
  -0.0000000000000000     
  -0.0000000000000000     
  -6.6547795339616496E-021
  -0.0000000000000000     
  -0.0000000000000000     
  -1.3064014028506800E-020
  -0.0000000000000000     
  -0.0000000000000000     
  -3.0479521388793124E-020
  -0.0000000000000000     
  -0.0000000000000000     
  -7.0191426589309873E-020
  -0.0000000000000000     
  -0.0000000000000000     
  -1.4865365915722213E-019
  -0.0000000000000000     
  -0.0000000000000000     
  -2.4880229055078964E-019
  -0.0000000000000000     
  -0.0000000000000000     
  -4.0925150653453441E-019
  -0.0000000000000000     
  -0.0000000000000000     
  -5.1421285374679732E-019
  -0.0000000000000000     
  -0.0000000000000000     
  -4.4683213402419996E-019
  -0.0000000000000000     
  -0.0000000000000000     
   0.0000000000000000     
   0.0000000000000000     
   0.0000000000000000     
   0.0000000000000000     
   0.0000000000000000     
   0.0000000000000000     
   0.0000000000000000     
   0.0000000000000000     
   0.0000000000000000     
   0.0000000000000000     
   0.0000000000000000     
   0.0000000000000000     
   0.0000000000000000     
   0.0000000000000000     
  -0.0000000000000000     
   0.0000000000000000     
  -2.8226370482736683E-021
  -0.0000000000000000     
   0.0000000000000000     
  -5.5766310035423380E-021
  -0.0000000000000000     
   0.0000000000000000     
  -1.3210518408445265E-020
  -0.0000000000000000     
   0.0000000000000000     
  -3.1382456105561758E-020
  -0.0000000000000000     
   0.0000000000000000     
  -7.0483002444414310E-020
  -0.0000000000000000     
   0.0000000000000000     
  -1.2777602919737777E-019
  -0.0000000000000000     
   0.0000000000000000     
  -2.4880201317524073E-019
  -0.0000000000000000     
   0.0000000000000000     
  -4.0925070651400498E-019
  -0.0000000000000000     
   0.0000000000000000     
  -5.1421126617293664E-019
  -0.0000000000000000     
  -0.0000000000000000     
  -0.0000000000000000     
  -0.0000000000000000     
  -0.0000000000000000     
  -0.0000000000000000     
  -0.0000000000000000     
  -0.0000000000000000     
  -0.0000000000000000     
  -0.0000000000000000     
  -0.0000000000000000     
  -0.0000000000000000     
  -0.0000000000000000     
  -0.0000000000000000     
  -0.0000000000000000     
  -0.0000000000000000     
  -0.0000000000000000     
  -0.0000000000000000     
  -0.0000000000000000     
  -0.0000000000000000     
  -0.0000000000000000     
  -0.0000000000000000     
  -0.0000000000000000     
  -0.0000000000000000     
  -0.0000000000000000     
  -0.0000000000000000     
  -0.0000000000000000     
  -0.0000000000000000     
  -0.0000000000000000     
  -0.0000000000000000     
  -0.0000000000000000     
  -0.0000000000000000     
  -0.0000000000000000     
  -0.0000000000000000     
  -0.0000000000000000     
  -0.0000000000000000     
  -0.0000000000000000     
  -0.0000000000000000     
  -0.0000000000000000     
  -0.0000000000000000     
  -0.0000000000000000     
  -0.0000000000000000     
  -0.0000000000000000     
  -0.0000000000000000     
  -0.0000000000000000     
  -0.0000000000000000     
  -0.0000000000000000     
  -0.0000000000000000     
  -0.0000000000000000     
  -0.0000000000000000     
  -0.0000000000000000     
  -0.0000000000000000     
  -0.0000000000000000     
  -0.0000000000000000     
  -0.0000000000000000     
  -0.0000000000000000     
  -0.0000000000000000     
  -0.0000000000000000     
  -2.8226370482736683E-021
  -0.0000000000000000     
  -0.0000000000000000     
  -5.5766310035423380E-021
  -0.0000000000000000     
  -0.0000000000000000     
  -1.3210518408445265E-020
  -0.0000000000000000     
  -0.0000000000000000     
  -3.1382456105561758E-020
  -0.0000000000000000     
  -0.0000000000000000     
  -7.0483002444414310E-020
  -0.0000000000000000     
  -0.0000000000000000     
  -1.2777602919737777E-019
  -0.0000000000000000     
  -0.0000000000000000     
  -2.4880201317524073E-019
  -0.0000000000000000     
  -0.0000000000000000     
  -4.0925070651400498E-019
  -0.0000000000000000     
  -0.0000000000000000     
  -5.1421126617293664E-019
  -0.0000000000000000     
  -0.0000000000000000     
  -4.4683029471031523E-019
  -0.0000000000000000     
  -0.0000000000000000     
   0.0000000000000000     
   0.0000000000000000     
   0.0000000000000000     
   0.0000000000000000     
   0.0000000000000000     
   0.0000000000000000     
   0.0000000000000000     
   0.0000000000000000     
   0.0000000000000000     
   0.0000000000000000     
   0.0000000000000000     
   0.0000000000000000     
   0.0000000000000000     
   0.0000000000000000     
  -0.0000000000000000     
   0.0000000000000000     
  -1.1919980855543249E-021
  -0.0000000000000000     
   0.0000000000000000     
  -2.3625799739218948E-021
  -0.0000000000000000     
   0.0000000000000000     
  -5.6399493419644538E-021
  -0.0000000000000000     
   0.0000000000000000     
  -1.3612015737119164E-020
  -0.0000000000000000     
   0.0000000000000000     
  -3.1519762881750240E-020
  -0.0000000000000000     
   0.0000000000000000     
  -5.9640227876804029E-020
  -0.0000000000000000     
   0.0000000000000000     
  -1.2777587643399523E-019
  -0.0000000000000000     
   0.0000000000000000     
  -2.4880145859035947E-019
  -0.0000000000000000     
   0.0000000000000000     
  -4.0924910578009834E-019
  -0.0000000000000000     
   0.0000000000000000     
  -5.1420809116787353E-019
  -0.0000000000000000     
  -0.0000000000000000     
  -0.0000000000000000     
  -0.0000000000000000     
  -0.0000000000000000     
  -0.0000000000000000     
  -0.0000000000000000     
  -0.0000000000000000     
  -0.0000000000000000     
  -0.0000000000000000     
  -0.0000000000000000     
  -0.0000000000000000     
  -0.0000000000000000     
  -0.0000000000000000     
  -0.0000000000000000     
  -0.0000000000000000     
  -0.0000000000000000     
  -0.0000000000000000     
  -0.0000000000000000     
  -0.0000000000000000     
  -0.0000000000000000     
  -0.0000000000000000     
  -0.0000000000000000     
  -0.0000000000000000     
  -0.0000000000000000     
  -0.0000000000000000     
  -0.0000000000000000     
  -0.0000000000000000     
  -0.0000000000000000     
  -0.0000000000000000     
  -0.0000000000000000     
  -0.0000000000000000     
  -0.0000000000000000     
  -0.0000000000000000     
  -0.0000000000000000     
  -0.0000000000000000     
  -0.0000000000000000     
  -0.0000000000000000     
  -0.0000000000000000     
  -0.0000000000000000     
  -0.0000000000000000     
  -0.0000000000000000     
  -0.0000000000000000     
  -0.0000000000000000     
  -0.0000000000000000     
  -0.0000000000000000     
  -0.0000000000000000     
  -0.0000000000000000     
  -0.0000000000000000     
  -0.0000000000000000     
  -0.0000000000000000     
  -0.0000000000000000     
  -0.0000000000000000     
  -0.0000000000000000     
  -0.0000000000000000     
  -0.0000000000000000     
  -0.0000000000000000     
  -0.0000000000000000     
  -0.0000000000000000     
  -0.0000000000000000     
  -0.0000000000000000     
  -1.1919980855543249E-021
  -0.0000000000000000     
  -0.0000000000000000     
  -2.3625799739218948E-021
  -0.0000000000000000     
  -0.0000000000000000     
  -5.6399493419644538E-021
  -0.0000000000000000     
  -0.0000000000000000     
  -1.3612015737119164E-020
  -0.0000000000000000     
  -0.0000000000000000     
  -3.1519762881750240E-020
  -0.0000000000000000     
  -0.0000000000000000     
  -5.9640227876804029E-020
  -0.0000000000000000     
  -0.0000000000000000     
  -1.2777587643399523E-019
  -0.0000000000000000     
  -0.0000000000000000     
  -2.4880145859035947E-019
  -0.0000000000000000     
  -0.0000000000000000     
  -4.0924910578009834E-019
  -0.0000000000000000     
  -0.0000000000000000     
  -5.1420809116787353E-019
  -0.0000000000000000     
  -0.0000000000000000     
  -4.4682661609958122E-019
  -0.0000000000000000     
  -0.0000000000000000     
  -0.0000000000000000     
  -0.0000000000000000     
  -0.0000000000000000     
  -0.0000000000000000     
  -0.0000000000000000     
  -0.0000000000000000     
  -0.0000000000000000     
  -0.0000000000000000     
  -0.0000000000000000     
  -0.0000000000000000     
  -0.0000000000000000     
  -0.0000000000000000     
  -0.0000000000000000     
  -0.0000000000000000     
   0.0000000000000000     
  -0.0000000000000000     
  -0.0000000000000000     
   0.0000000000000000     
  -0.0000000000000000     
  -0.0000000000000000     
   0.0000000000000000     
  -0.0000000000000000     
  -0.0000000000000000     
  -0.0000000000000000     
  -0.0000000000000000     
  -0.0000000000000000     
  -0.0000000000000000     
  -0.0000000000000000     
  -0.0000000000000000     
   0.0000000000000000     
  -0.0000000000000000     
  -0.0000000000000000     
   0.0000000000000000     
  -0.0000000000000000     
  -0.0000000000000000     
   0.0000000000000000     
  -0.0000000000000000     
  -0.0000000000000000     
   0.0000000000000000     
  -0.0000000000000000     
  -0.0000000000000000     
   0.0000000000000000     
  -0.0000000000000000     
  -0.0000000000000000     
   0.0000000000000000     
  -0.0000000000000000     
  -0.0000000000000000     
  -0.0000000000000000     
  -0.0000000000000000     
  -0.0000000000000000     
  -0.0000000000000000     
  -0.0000000000000000     
  -0.0000000000000000     
  -0.0000000000000000     
  -0.0000000000000000     
  -0.0000000000000000     
  -0.0000000000000000     
  -0.0000000000000000     
  -0.0000000000000000     
  -0.0000000000000000     
  -0.0000000000000000     
  -0.0000000000000000     
  -0.0000000000000000     
  -0.0000000000000000     
  -0.0000000000000000     
  -0.0000000000000000     
  -0.0000000000000000     
  -0.0000000000000000     
  -0.0000000000000000     
  -0.0000000000000000     
  -0.0000000000000000     
  -0.0000000000000000     
  -0.0000000000000000     
  -0.0000000000000000     
  -0.0000000000000000     
  -0.0000000000000000     
  -0.0000000000000000     
  -0.0000000000000000     
  -0.0000000000000000     
  -0.0000000000000000     
  -0.0000000000000000     
  -0.0000000000000000     
  -0.0000000000000000     
  -0.0000000000000000     
  -0.0000000000000000     
  -0.0000000000000000     
  -0.0000000000000000     
  -0.0000000000000000     
  -0.0000000000000000     
  -0.0000000000000000     
  -0.0000000000000000     
  -0.0000000000000000     
  -0.0000000000000000     
  -0.0000000000000000     
  -0.0000000000000000     
  -0.0000000000000000     
  -0.0000000000000000     
  -0.0000000000000000     
  -0.0000000000000000     
  -0.0000000000000000     
  -0.0000000000000000     
  -0.0000000000000000     
  -0.0000000000000000     
  -0.0000000000000000     
  -0.0000000000000000     
  -0.0000000000000000     
  -0.0000000000000000     
  -0.0000000000000000     
  -0.0000000000000000     
  -0.0000000000000000     
  -0.0000000000000000     
  -0.0000000000000000     
  -0.0000000000000000     
  -0.0000000000000000     
  -0.0000000000000000     
  -0.0000000000000000     
  -0.0000000000000000     
  -0.0000000000000000     
  -0.0000000000000000     
  -0.0000000000000000     
  -0.0000000000000000     
  -0.0000000000000000     
  -0.0000000000000000     
  -0.0000000000000000     
  -0.0000000000000000     
  -0.0000000000000000     
  -0.0000000000000000     
  -0.0000000000000000     
  -0.0000000000000000     
  -0.0000000000000000     
  -0.0000000000000000     
  -0.0000000000000000     
  -0.0000000000000000     
  -0.0000000000000000     
  -0.0000000000000000     
  -0.0000000000000000     
  -0.0000000000000000     
  -0.0000000000000000     
  -0.0000000000000000     
  -0.0000000000000000     
  -0.0000000000000000     
  -0.0000000000000000     
  -0.0000000000000000     
  -0.0000000000000000     
  -0.0000000000000000     
  -0.0000000000000000     
  -0.0000000000000000     
   0.0000000000000000     
   0.0000000000000000     
   0.0000000000000000     
   0.0000000000000000     
   0.0000000000000000     
   0.0000000000000000     
   0.0000000000000000     
   0.0000000000000000     
   0.0000000000000000     
   0.0000000000000000     
   0.0000000000000000     
   0.0000000000000000     
   0.0000000000000000     
   0.0000000000000000     
  -0.0000000000000000     
   0.0000000000000000     
   0.0000000000000000     
  -0.0000000000000000     
   0.0000000000000000     
   0.0000000000000000     
  -0.0000000000000000     
   0.0000000000000000     
   0.0000000000000000     
  -0.0000000000000000     
   0.0000000000000000     
   0.0000000000000000     
  -0.0000000000000000     
   0.0000000000000000     
   0.0000000000000000     
  -0.0000000000000000     
   0.0000000000000000     
   0.0000000000000000     
  -0.0000000000000000     
   0.0000000000000000     
   0.0000000000000000     
  -0.0000000000000000     
   0.0000000000000000     
   0.0000000000000000     
  -0.0000000000000000     
   0.0000000000000000     
   0.0000000000000000     
  -0.0000000000000000     
   0.0000000000000000     
   0.0000000000000000     
  -0.0000000000000000     
   0.0000000000000000     
   0.0000000000000000     
  -0.0000000000000000     
   0.0000000000000000     
   0.0000000000000000     
  -0.0000000000000000     
  -3.3236473795300544E-023
  -1.0691359945502698E-022
  -4.4579835581464171E-022
  -2.0170795799931405E-021
  -8.8526405845955764E-021
  -3.6230495444768508E-020
  -1.2621211344191851E-019
  -3.1233732072712023E-019
  -4.4656432988056132E-019
  -3.2829707460415987E-019
  -1.3792052337684374E-019
  -4.0659432985885806E-020
  -1.0722880524862467E-020
  -3.4834997003435741E-021
  -0.0000000000000000     
   0.0000000000000000     
   0.0000000000000000     
  -0.0000000000000000     
   0.0000000000000000     
   0.0000000000000000     
  -0.0000000000000000     
   0.0000000000000000     
   0.0000000000000000     
  -0.0000000000000000     
   0.0000000000000000     
   0.0000000000000000     
  -0.0000000000000000     
   0.0000000000000000     
   0.0000000000000000     
  -0.0000000000000000     
   0.0000000000000000     
   0.0000000000000000     
  -0.0000000000000000     
   0.0000000000000000     
   0.0000000000000000     
  -0.0000000000000000     
   0.0000000000000000     
   0.0000000000000000     
  -0.0000000000000000     
   0.0000000000000000     
   0.0000000000000000     
  -0.0000000000000000     
   0.0000000000000000     
   0.0000000000000000     
  -0.0000000000000000     
   0.0000000000000000     
   0.0000000000000000     
  -5.1595935853542432E-019
  -2.5797969900403388E-019
  -7.7393909701210173E-019
  -0.0000000000000000     
  -0.0000000000000000     
  -0.0000000000000000     
  -0.0000000000000000     
  -0.0000000000000000     
  -0.0000000000000000     
  -0.0000000000000000     
  -0.0000000000000000     
  -0.0000000000000000     
  -0.0000000000000000     
  -0.0000000000000000     
  -0.0000000000000000     
  -0.0000000000000000     
  -0.0000000000000000     
  -0.0000000000000000     
  -0.0000000000000000     
  -0.0000000000000000     
  -0.0000000000000000     
  -0.0000000000000000     
  -0.0000000000000000     
  -0.0000000000000000     
  -0.0000000000000000     
  -0.0000000000000000     
  -0.0000000000000000     
  -0.0000000000000000     
  -0.0000000000000000     
  -0.0000000000000000     
  -0.0000000000000000     
  -0.0000000000000000     
  -0.0000000000000000     
  -0.0000000000000000     
  -0.0000000000000000     
  -0.0000000000000000     
  -0.0000000000000000     
  -0.0000000000000000     
  -0.0000000000000000     
  -0.0000000000000000     
  -0.0000000000000000     
  -0.0000000000000000     
  -0.0000000000000000     
  -0.0000000000000000     
  -0.0000000000000000     
  -0.0000000000000000     
  -0.0000000000000000     
  -0.0000000000000000     
  -0.0000000000000000     
  -0.0000000000000000     
  -0.0000000000000000     
  -0.0000000000000000     
  -0.0000000000000000     
  -0.0000000000000000     
  -0.0000000000000000     
  -4.4683394599631284E-019
  -0.0000000000000000     
  -0.0000000000000000     
  -0.0000000000000000     
  -0.0000000000000000     
  -0.0000000000000000     
  -0.0000000000000000     
  -0.0000000000000000     
  -0.0000000000000000     
  -0.0000000000000000     
  -0.0000000000000000     
  -0.0000000000000000     
  -0.0000000000000000     
  -0.0000000000000000     
  -0.0000000000000000     
  -0.0000000000000000     
  -0.0000000000000000     
   0.0000000000000000     
  -0.0000000000000000     
  -0.0000000000000000     
   0.0000000000000000     
  -0.0000000000000000     
  -0.0000000000000000     
   0.0000000000000000     
  -0.0000000000000000     
  -0.0000000000000000     
   0.0000000000000000     
  -0.0000000000000000     
  -0.0000000000000000     
  -0.0000000000000000     
  -0.0000000000000000     
  -0.0000000000000000     
  -0.0000000000000000     
  -0.0000000000000000     
  -0.0000000000000000     
   0.0000000000000000     
  -0.0000000000000000     
  -0.0000000000000000     
   0.0000000000000000     
  -0.0000000000000000     
  -0.0000000000000000     
   0.0000000000000000     
  -0.0000000000000000     
  -0.0000000000000000     
   0.0000000000000000     
  -0.0000000000000000     
  -0.0000000000000000     
   0.0000000000000000     
  -0.0000000000000000     
  -0.0000000000000000     
  -0.0000000000000000     
  -0.0000000000000000     
  -0.0000000000000000     
   0.0000000000000000     
  -1.2595627851545034E-018
  -0.0000000000000000     
  -0.0000000000000000     
  -0.0000000000000000     
  -0.0000000000000000     
  -0.0000000000000000     
  -0.0000000000000000     
  -0.0000000000000000     
  -0.0000000000000000     
  -0.0000000000000000     
  -0.0000000000000000     
  -0.0000000000000000     
  -0.0000000000000000     
  -0.0000000000000000     
  -0.0000000000000000     
  -0.0000000000000000     
  -0.0000000000000000     
  -0.0000000000000000     
  -0.0000000000000000     
  -0.0000000000000000     
  -0.0000000000000000     
  -0.0000000000000000     
  -0.0000000000000000     
  -0.0000000000000000     
  -0.0000000000000000     
  -0.0000000000000000     
  -0.0000000000000000     
  -0.0000000000000000     
  -0.0000000000000000     
  -0.0000000000000000     
  -0.0000000000000000     
  -0.0000000000000000     
  -0.0000000000000000     
  -0.0000000000000000     
  -0.0000000000000000     
  -0.0000000000000000     
  -0.0000000000000000     
  -0.0000000000000000     
  -0.0000000000000000     
  -0.0000000000000000     
  -0.0000000000000000     
  -0.0000000000000000     
  -0.0000000000000000     
  -0.0000000000000000     
  -0.0000000000000000     
  -0.0000000000000000     
  -0.0000000000000000     
  -0.0000000000000000     
  -0.0000000000000000     
  -0.0000000000000000     
  -0.0000000000000000     
  -0.0000000000000000     
  -0.0000000000000000     
  -0.0000000000000000     
  -2.7990286303481980E-019
  -0.0000000000000000     
  -0.0000000000000000     
  -0.0000000000000000     
  -0.0000000000000000     
  -0.0000000000000000     
  -0.0000000000000000     
  -0.0000000000000000     
  -0.0000000000000000     
  -0.0000000000000000     
  -0.0000000000000000     
  -0.0000000000000000     
  -0.0000000000000000     
  -0.0000000000000000     
  -0.0000000000000000     
  -0.0000000000000000     
  -0.0000000000000000     
  -0.0000000000000000     
  -0.0000000000000000     
  -0.0000000000000000     
  -0.0000000000000000     
  -0.0000000000000000     
  -0.0000000000000000     
  -0.0000000000000000     
  -0.0000000000000000     
  -0.0000000000000000     
  -0.0000000000000000     
  -0.0000000000000000     
  -0.0000000000000000     
  -0.0000000000000000     
  -0.0000000000000000     
  -0.0000000000000000     
  -0.0000000000000000     
  -0.0000000000000000     
  -0.0000000000000000     
  -0.0000000000000000     
  -0.0000000000000000     
  -0.0000000000000000     
  -0.0000000000000000     
  -0.0000000000000000     
  -0.0000000000000000     
  -0.0000000000000000     
  -0.0000000000000000     
  -0.0000000000000000     
  -0.0000000000000000     
  -0.0000000000000000     
  -0.0000000000000000     
  -0.0000000000000000     
  -0.0000000000000000     
  -0.0000000000000000     
  -0.0000000000000000     
  -0.0000000000000000     
  -0.0000000000000000     
  -0.0000000000000000     
  -0.0000000000000000     
  -8.3970858910445961E-019
  -0.0000000000000000     
  -0.0000000000000000     
  -0.0000000000000000     
  -0.0000000000000000     
   0.0000000000000000     
   0.0000000000000000     
   0.0000000000000000     
   0.0000000000000000     
   0.0000000000000000     
   0.0000000000000000     
   0.0000000000000000     
   0.0000000000000000     
   0.0000000000000000     
   0.0000000000000000     
   0.0000000000000000     
   0.0000000000000000     
   0.0000000000000000     
   0.0000000000000000     
  -0.0000000000000000     
   0.0000000000000000     
   0.0000000000000000     
  -0.0000000000000000     
   0.0000000000000000     
   0.0000000000000000     
  -0.0000000000000000     
   0.0000000000000000     
   0.0000000000000000     
  -0.0000000000000000     
   0.0000000000000000     
   0.0000000000000000     
  -0.0000000000000000     
   0.0000000000000000     
   0.0000000000000000     
  -0.0000000000000000     
   0.0000000000000000     
   0.0000000000000000     
  -0.0000000000000000     
   0.0000000000000000     
   0.0000000000000000     
  -0.0000000000000000     
   0.0000000000000000     
   0.0000000000000000     
  -0.0000000000000000     
   0.0000000000000000     
   0.0000000000000000     
  -0.0000000000000000     
   0.0000000000000000     
   0.0000000000000000     
  -0.0000000000000000     
   0.0000000000000000     
   0.0000000000000000     
   0.0000000000000000     
   0.0000000000000000     
   0.0000000000000000     
  -0.0000000000000000     
  -0.0000000000000000     
  -4.8480597996030052E-019
  -0.0000000000000000     
   0.0000000000000000     
   0.0000000000000000     
  -0.0000000000000000     
  -9.9002141413668759E-024
  -3.1904720434393805E-023
  -1.3366626288125197E-022
  -6.1196627011096558E-022
  -2.7618003110612383E-021
  -1.2059762802538208E-020
  -4.8499794670112133E-020
  -1.5900978194035792E-019
  -3.5562081618928560E-019
  -4.4194619149219876E-019
  -2.8418247109099648E-019
  -1.0856341747251083E-019
  -3.2455488553846394E-020
  -1.1089280598278771E-020
  -0.0000000000000000     
   0.0000000000000000     
   0.0000000000000000     
  -0.0000000000000000     
   0.0000000000000000     
   0.0000000000000000     
  -0.0000000000000000     
   0.0000000000000000     
   0.0000000000000000     
  -0.0000000000000000     
   0.0000000000000000     
   0.0000000000000000     
  -0.0000000000000000     
   0.0000000000000000     
   0.0000000000000000     
  -0.0000000000000000     
   0.0000000000000000     
   0.0000000000000000     
  -0.0000000000000000     
   0.0000000000000000     
   0.0000000000000000     
  -0.0000000000000000     
   0.0000000000000000     
   0.0000000000000000     
  -0.0000000000000000     
   0.0000000000000000     
   0.0000000000000000     
  -0.0000000000000000     
   0.0000000000000000     
   0.0000000000000000     
  -0.0000000000000000     
   0.0000000000000000     
   0.0000000000000000     
  -8.3970850345038490E-019
  -2.7990286303481976E-019
  -8.3970858910445941E-019
  -0.0000000000000000     
  -0.0000000000000000     
   0.0000000000000000     
  -5.1595928748466903E-019
  -2.5797968321497660E-019
  -7.7393904964492980E-019
  -0.0000000000000000     
  -0.0000000000000000     
  -0.0000000000000000     
  -0.0000000000000000     
  -0.0000000000000000     
  -0.0000000000000000     
  -0.0000000000000000     
  -0.0000000000000000     
  -0.0000000000000000     
  -0.0000000000000000     
  -0.0000000000000000     
  -0.0000000000000000     
  -0.0000000000000000     
  -0.0000000000000000     
  -0.0000000000000000     
  -0.0000000000000000     
  -0.0000000000000000     
  -0.0000000000000000     
  -0.0000000000000000     
  -0.0000000000000000     
  -0.0000000000000000     
  -0.0000000000000000     
  -0.0000000000000000     
  -0.0000000000000000     
  -0.0000000000000000     
  -0.0000000000000000     
  -0.0000000000000000     
  -0.0000000000000000     
  -0.0000000000000000     
  -0.0000000000000000     
  -0.0000000000000000     
  -0.0000000000000000     
  -0.0000000000000000     
  -0.0000000000000000     
  -0.0000000000000000     
  -0.0000000000000000     
  -0.0000000000000000     
  -0.0000000000000000     
  -0.0000000000000000     
  -0.0000000000000000     
  -0.0000000000000000     
  -0.0000000000000000     
  -0.0000000000000000     
  -0.0000000000000000     
  -0.0000000000000000     
  -0.0000000000000000     
  -0.0000000000000000     
  -0.0000000000000000     
  -0.0000000000000000     
  -0.0000000000000000     
  -0.0000000000000000     
  -0.0000000000000000     
  -4.8480597996030052E-019
  -0.0000000000000000     
  -0.0000000000000000     
  -0.0000000000000000     
  -0.0000000000000000     
  -0.0000000000000000     
  -4.4683391864886337E-019
  -0.0000000000000000     
  -0.0000000000000000     
   0.0000000000000000     
   0.0000000000000000     
   0.0000000000000000     
   0.0000000000000000     
   0.0000000000000000     
   0.0000000000000000     
   0.0000000000000000     
   0.0000000000000000     
   0.0000000000000000     
   0.0000000000000000     
   0.0000000000000000     
   0.0000000000000000     
   0.0000000000000000     
   0.0000000000000000     
  -0.0000000000000000     
   0.0000000000000000     
  -4.7710932119355747E-019
  -0.0000000000000000     
   0.0000000000000000     
  -6.6353246425359786E-019
  -0.0000000000000000     
   0.0000000000000000     
  -6.2509127130663489E-019
  -0.0000000000000000     
   0.0000000000000000     
  -3.4354498569298908E-019
  -0.0000000000000000     
   0.0000000000000000     
  -1.2805763465215103E-019
  -0.0000000000000000     
   0.0000000000000000     
  -4.8938513878347637E-020
  -0.0000000000000000     
   0.0000000000000000     
  -1.2481671857997076E-020
  -0.0000000000000000     
   0.0000000000000000     
  -2.8994599501603717E-021
  -0.0000000000000000     
   0.0000000000000000     
  -6.4127934274315938E-022
  -0.0000000000000000     
   0.0000000000000000     
  -1.3830839860781496E-022
  -0.0000000000000000     
   0.0000000000000000     
  -2.9452100697898779E-023
   0.0000000000000000     
   0.0000000000000000     
   0.0000000000000000     
  -0.0000000000000000     
  -0.0000000000000000     
   0.0000000000000000     
  -0.0000000000000000     
   0.0000000000000000     
   0.0000000000000000     
  -0.0000000000000000     
  -0.0000000000000000     
   0.0000000000000000     
  -0.0000000000000000     
  -0.0000000000000000     
  -0.0000000000000000     
  -0.0000000000000000     
  -0.0000000000000000     
  -0.0000000000000000     
  -0.0000000000000000     
  -0.0000000000000000     
  -0.0000000000000000     
  -0.0000000000000000     
  -0.0000000000000000     
  -0.0000000000000000     
  -0.0000000000000000     
  -0.0000000000000000     
  -0.0000000000000000     
  -0.0000000000000000     
  -0.0000000000000000     
  -0.0000000000000000     
  -0.0000000000000000     
  -0.0000000000000000     
  -0.0000000000000000     
  -0.0000000000000000     
  -0.0000000000000000     
  -0.0000000000000000     
  -0.0000000000000000     
  -0.0000000000000000     
  -0.0000000000000000     
  -0.0000000000000000     
  -0.0000000000000000     
  -0.0000000000000000     
  -0.0000000000000000     
  -0.0000000000000000     
  -0.0000000000000000     
  -0.0000000000000000     
  -0.0000000000000000     
  -0.0000000000000000     
  -0.0000000000000000     
  -0.0000000000000000     
  -0.0000000000000000     
  -0.0000000000000000     
  -0.0000000000000000     
  -0.0000000000000000     
  -0.0000000000000000     
  -0.0000000000000000     
  -0.0000000000000000     
  -0.0000000000000000     
  -0.0000000000000000     
  -0.0000000000000000     
  -0.0000000000000000     
  -0.0000000000000000     
  -0.0000000000000000     
  -0.0000000000000000     
  -0.0000000000000000     
  -0.0000000000000000     
  -0.0000000000000000     
  -0.0000000000000000     
  -0.0000000000000000     
  -0.0000000000000000     
  -0.0000000000000000     
  -0.0000000000000000     
   0.0000000000000000     
  -0.0000000000000000     
  -0.0000000000000000     
  -0.0000000000000000     
  -0.0000000000000000     
  -0.0000000000000000     
  -0.0000000000000000     
  -0.0000000000000000     
  -0.0000000000000000     
  -0.0000000000000000     
  -0.0000000000000000     
  -0.0000000000000000     
  -0.0000000000000000     
  -0.0000000000000000     
  -0.0000000000000000     
  -0.0000000000000000     
  -2.3855466623037333E-019
  -0.0000000000000000     
  -0.0000000000000000     
  -3.3176624268180204E-019
  -0.0000000000000000     
  -0.0000000000000000     
  -3.1254564786550325E-019
  -0.0000000000000000     
  -0.0000000000000000     
  -1.7177249878173182E-019
  -0.0000000000000000     
  -0.0000000000000000     
  -6.4028817776884596E-020
  -0.0000000000000000     
  -0.0000000000000000     
  -2.4469255908830642E-020
  -0.0000000000000000     
  -0.0000000000000000     
  -6.2408348871164406E-021
  -0.0000000000000000     
  -0.0000000000000000     
  -1.4497293630180512E-021
  -0.0000000000000000     
  -0.0000000000000000     
  -3.2063937135431881E-022
  -0.0000000000000000     
  -0.0000000000000000     
  -6.9154063469321084E-023
  -0.0000000000000000     
  -0.0000000000000000     
  -1.4725991119396408E-023
  -0.0000000000000000     
  -0.0000000000000000     
  -0.0000000000000000     
  -0.0000000000000000     
  -0.0000000000000000     
  -0.0000000000000000     
  -0.0000000000000000     
  -0.0000000000000000     
  -0.0000000000000000     
  -0.0000000000000000     
  -0.0000000000000000     
  -0.0000000000000000     
  -0.0000000000000000     
  -0.0000000000000000     
   6.3319588937434820E-027
  -0.0000000000000000     
  -0.0000000000000000     
  -0.0000000000000000     
  -0.0000000000000000     
  -0.0000000000000000     
  -0.0000000000000000     
  -0.0000000000000000     
  -0.0000000000000000     
  -0.0000000000000000     
  -0.0000000000000000     
  -0.0000000000000000     
  -0.0000000000000000     
  -0.0000000000000000     
  -0.0000000000000000     
  -0.0000000000000000     
  -0.0000000000000000     
   0.0000000000000000     
  -0.0000000000000000     
  -0.0000000000000000     
   0.0000000000000000     
  -0.0000000000000000     
  -0.0000000000000000     
   0.0000000000000000     
  -0.0000000000000000     
  -0.0000000000000000     
  -0.0000000000000000     
  -0.0000000000000000     
  -0.0000000000000000     
   0.0000000000000000     
  -0.0000000000000000     
  -0.0000000000000000     
   0.0000000000000000     
  -0.0000000000000000     
  -0.0000000000000000     
   0.0000000000000000     
  -0.0000000000000000     
  -0.0000000000000000     
   0.0000000000000000     
  -0.0000000000000000     
  -0.0000000000000000     
   0.0000000000000000     
  -0.0000000000000000     
  -0.0000000000000000     
   0.0000000000000000     
  -0.0000000000000000     
  -0.0000000000000000     
   0.0000000000000000     
  -0.0000000000000000     
  -0.0000000000000000     
  -0.0000000000000000     
  -0.0000000000000000     
  -0.0000000000000000     
   0.0000000000000000     
   0.0000000000000000     
  -0.0000000000000000     
  -0.0000000000000000     
  -0.0000000000000000     
  -0.0000000000000000     
  -0.0000000000000000     
  -0.0000000000000000     
  -0.0000000000000000     
  -0.0000000000000000     
  -0.0000000000000000     
  -0.0000000000000000     
  -0.0000000000000000     
  -0.0000000000000000     
  -0.0000000000000000     
  -0.0000000000000000     
  -0.0000000000000000     
  -0.0000000000000000     
  -0.0000000000000000     
  -0.0000000000000000     
  -0.0000000000000000     
  -0.0000000000000000     
  -0.0000000000000000     
  -0.0000000000000000     
  -0.0000000000000000     
  -0.0000000000000000     
  -0.0000000000000000     
  -8.1109352737441823E-019
  -0.0000000000000000     
  -0.0000000000000000     
  -1.0485518013746789E-018
  -0.0000000000000000     
  -0.0000000000000000     
  -8.0756938339963874E-019
  -0.0000000000000000     
  -0.0000000000000000     
  -2.3774620884918658E-019
  -0.0000000000000000     
  -0.0000000000000000     
   6.2484448570101243E-020
  -0.0000000000000000     
  -0.0000000000000000     
   1.0747988865412937E-019
  -0.0000000000000000     
  -0.0000000000000000     
   7.8083252240131051E-020
  -0.0000000000000000     
  -0.0000000000000000     
   4.1679861651363188E-020
  -0.0000000000000000     
  -0.0000000000000000     
   1.9631757659970387E-020
  -0.0000000000000000     
  -0.0000000000000000     
   8.7258825824167811E-021
  -0.0000000000000000     
  -0.0000000000000000     
   3.7711256254752938E-021
  -0.0000000000000000     
  -0.0000000000000000     
  -0.0000000000000000     
  -0.0000000000000000     
  -0.0000000000000000     
   0.0000000000000000     
   0.0000000000000000     
  -0.0000000000000000     
  -0.0000000000000000     
  -0.0000000000000000     
  -0.0000000000000000     
  -0.0000000000000000     
  -0.0000000000000000     
  -0.0000000000000000     
  -5.9949058904051820E-019
  -0.0000000000000000     
  -0.0000000000000000     
  -0.0000000000000000     
  -0.0000000000000000     
   0.0000000000000000     
   0.0000000000000000     
   0.0000000000000000     
   0.0000000000000000     
   0.0000000000000000     
   0.0000000000000000     
   0.0000000000000000     
   0.0000000000000000     
   0.0000000000000000     
   0.0000000000000000     
   0.0000000000000000     
   0.0000000000000000     
   0.0000000000000000     
   0.0000000000000000     
  -0.0000000000000000     
   0.0000000000000000     
  -1.7780815001362939E-019
  -0.0000000000000000     
   0.0000000000000000     
  -2.4728395709206717E-019
  -0.0000000000000000     
   0.0000000000000000     
  -2.3295777156632571E-019
  -0.0000000000000000     
   0.0000000000000000     
  -1.2803166131365071E-019
  -0.0000000000000000     
   0.0000000000000000     
  -4.7724263022686967E-020
  -0.0000000000000000     
   0.0000000000000000     
  -1.8238306523661232E-020
  -0.0000000000000000     
   0.0000000000000000     
  -4.6516436813148613E-021
  -0.0000000000000000     
   0.0000000000000000     
  -1.0805644682286106E-021
  -0.0000000000000000     
   0.0000000000000000     
  -2.3899047687035188E-022
  -0.0000000000000000     
   0.0000000000000000     
  -5.1544395612578959E-023
  -0.0000000000000000     
   0.0000000000000000     
  -1.0976105726342860E-023
  -0.0000000000000000     
   0.0000000000000000     
   0.0000000000000000     
  -0.0000000000000000     
  -0.0000000000000000     
   0.0000000000000000     
   0.0000000000000000     
   0.0000000000000000     
   0.0000000000000000     
  -0.0000000000000000     
  -0.0000000000000000     
   0.0000000000000000     
  -0.0000000000000000     
   0.0000000000000000     
  -1.9983021837146922E-019
  -0.0000000000000000     
  -2.9788928390271351E-019
  -0.0000000000000000     
  -0.0000000000000000     
  -0.0000000000000000     
  -0.0000000000000000     
  -0.0000000000000000     
  -0.0000000000000000     
  -0.0000000000000000     
  -0.0000000000000000     
  -0.0000000000000000     
  -0.0000000000000000     
  -0.0000000000000000     
  -0.0000000000000000     
  -0.0000000000000000     
  -0.0000000000000000     
  -0.0000000000000000     
  -1.7780815001362939E-019
  -0.0000000000000000     
  -0.0000000000000000     
  -2.4728395709206717E-019
  -0.0000000000000000     
  -0.0000000000000000     
  -2.3295777156632571E-019
  -0.0000000000000000     
  -0.0000000000000000     
  -1.2803166131365071E-019
  -0.0000000000000000     
  -0.0000000000000000     
  -4.7724263022686967E-020
  -0.0000000000000000     
  -0.0000000000000000     
  -1.8238306523661232E-020
  -0.0000000000000000     
  -0.0000000000000000     
  -4.6516436813148613E-021
  -0.0000000000000000     
  -0.0000000000000000     
  -1.0805644682286106E-021
  -0.0000000000000000     
  -0.0000000000000000     
  -2.3899047687035188E-022
  -0.0000000000000000     
  -0.0000000000000000     
  -5.1544395612578959E-023
  -0.0000000000000000     
  -0.0000000000000000     
  -1.0976105726342860E-023
  -0.0000000000000000     
  -0.0000000000000000     
  -0.0000000000000000     
  -0.0000000000000000     
  -0.0000000000000000     
  -0.0000000000000000     
  -0.0000000000000000     
  -0.0000000000000000     
  -0.0000000000000000     
  -0.0000000000000000     
  -0.0000000000000000     
  -0.0000000000000000     
  -0.0000000000000000     
  -0.0000000000000000     
   4.7195635057149291E-027
  -0.0000000000000000     
  -0.0000000000000000     
  -0.0000000000000000     
  -0.0000000000000000     
  -4.4683395223723259E-019
  -0.0000000000000000     
   0.0000000000000000     
   0.0000000000000000     
   0.0000000000000000     
   0.0000000000000000     
   0.0000000000000000     
   0.0000000000000000     
   0.0000000000000000     
   0.0000000000000000     
   0.0000000000000000     
   0.0000000000000000     
   0.0000000000000000     
   0.0000000000000000     
   0.0000000000000000     
   0.0000000000000000     
  -0.0000000000000000     
   0.0000000000000000     
  -5.3342445004088803E-019
  -0.0000000000000000     
   0.0000000000000000     
  -7.4185187127620143E-019
  -0.0000000000000000     
   0.0000000000000000     
  -6.9887331469897724E-019
  -0.0000000000000000     
   0.0000000000000000     
  -3.8409498394095212E-019
  -0.0000000000000000     
   0.0000000000000000     
  -1.4317278906806092E-019
  -0.0000000000000000     
   0.0000000000000000     
  -5.4714919570983703E-020
  -0.0000000000000000     
   0.0000000000000000     
  -1.3954931043944582E-020
  -0.0000000000000000     
   0.0000000000000000     
  -3.2416934046858322E-021
  -0.0000000000000000     
   0.0000000000000000     
  -7.1697143061105555E-022
  -0.0000000000000000     
   0.0000000000000000     
  -1.5463318683773684E-022
  -0.0000000000000000     
   0.0000000000000000     
  -3.2928317179028578E-023
  -0.0000000000000000     
   0.0000000000000000     
   0.0000000000000000     
  -0.0000000000000000     
  -0.0000000000000000     
   0.0000000000000000     
   0.0000000000000000     
   0.0000000000000000     
   0.0000000000000000     
  -0.0000000000000000     
  -0.0000000000000000     
   0.0000000000000000     
  -0.0000000000000000     
   0.0000000000000000     
  -9.9915109185734646E-019
  -0.0000000000000000     
  -8.9366785170814048E-019
  -0.0000000000000000     
  -4.4683395223723240E-019
  -0.0000000000000000     
  -0.0000000000000000     
  -0.0000000000000000     
  -0.0000000000000000     
  -0.0000000000000000     
  -0.0000000000000000     
  -0.0000000000000000     
  -0.0000000000000000     
  -0.0000000000000000     
  -0.0000000000000000     
  -0.0000000000000000     
  -0.0000000000000000     
  -0.0000000000000000     
  -0.0000000000000000     
  -0.0000000000000000     
  -0.0000000000000000     
  -0.0000000000000000     
  -0.0000000000000000     
  -0.0000000000000000     
  -0.0000000000000000     
  -0.0000000000000000     
  -0.0000000000000000     
  -0.0000000000000000     
  -0.0000000000000000     
  -0.0000000000000000     
  -0.0000000000000000     
  -0.0000000000000000     
  -0.0000000000000000     
  -0.0000000000000000     
  -0.0000000000000000     
  -0.0000000000000000     
  -0.0000000000000000     
  -0.0000000000000000     
  -0.0000000000000000     
  -0.0000000000000000     
  -0.0000000000000000     
  -0.0000000000000000     
  -0.0000000000000000     
  -0.0000000000000000     
  -0.0000000000000000     
  -0.0000000000000000     
  -0.0000000000000000     
  -0.0000000000000000     
  -0.0000000000000000     
  -0.0000000000000000     
  -0.0000000000000000     
  -0.0000000000000000     
  -0.0000000000000000     
  -0.0000000000000000     
  -0.0000000000000000     
  -0.0000000000000000     
  -0.0000000000000000     
  -0.0000000000000000     
  -0.0000000000000000     
  -0.0000000000000000     
  -0.0000000000000000     
  -0.0000000000000000     
  -0.0000000000000000     
  -0.0000000000000000     
  -0.0000000000000000     
   0.0000000000000000     
  -0.0000000000000000     
  -0.0000000000000000     
  -0.0000000000000000     
  -0.0000000000000000     
  -0.0000000000000000     
  -0.0000000000000000     
  -0.0000000000000000     
  -0.0000000000000000     
   0.0000000000000000     
   0.0000000000000000     
   0.0000000000000000     
   0.0000000000000000     
   0.0000000000000000     
   0.0000000000000000     
   0.0000000000000000     
   0.0000000000000000     
   0.0000000000000000     
   0.0000000000000000     
   0.0000000000000000     
   0.0000000000000000     
   0.0000000000000000     
   0.0000000000000000     
  -0.0000000000000000     
  -3.0797274982343492E-019
   0.0000000000000000     
  -0.0000000000000000     
  -4.2830837758014256E-019
   0.0000000000000000     
  -0.0000000000000000     
  -4.0349469637090054E-019
   0.0000000000000000     
  -0.0000000000000000     
  -2.2175734237269371E-019
   0.0000000000000000     
  -0.0000000000000000     
  -8.2660848309074462E-020
   0.0000000000000000     
  -0.0000000000000000     
  -3.1589673542996166E-020
   0.0000000000000000     
  -0.0000000000000000     
  -8.0568831947440713E-021
   0.0000000000000000     
  -0.0000000000000000     
  -1.8715925598255996E-021
   0.0000000000000000     
  -0.0000000000000000     
  -4.1394364846456415E-022
   0.0000000000000000     
  -0.0000000000000000     
  -8.9277512046417102E-023
   0.0000000000000000     
  -0.0000000000000000     
  -1.9011172787273534E-023
   0.0000000000000000     
  -0.0000000000000000     
   0.0000000000000000     
   0.0000000000000000     
  -0.0000000000000000     
  -0.0000000000000000     
   0.0000000000000000     
   0.0000000000000000     
   0.0000000000000000     
   0.0000000000000000     
  -0.0000000000000000     
  -0.0000000000000000     
   0.0000000000000000     
  -0.0000000000000000     
  -3.4611609110696850E-019
   0.0000000000000000     
  -5.1595937474980955E-019
  -0.0000000000000000     
  -0.0000000000000000     
   0.0000000000000000     
  -0.0000000000000000     
  -7.7393910782169169E-019
  -0.0000000000000000     
