  -0.0000000000000000     
  -0.0000000000000000     
  -0.0000000000000000     
  -0.0000000000000000     
  -0.0000000000000000     
  -0.0000000000000000     
  -0.0000000000000000     
  -0.0000000000000000     
  -0.0000000000000000     
  -0.0000000000000000     
  -0.0000000000000000     
  -0.0000000000000000     
  -0.0000000000000000     
  -0.0000000000000000     
  -0.0000000000000000     
  -0.0000000000000000     
  -0.0000000000000000     
  -0.0000000000000000     
  -0.0000000000000000     
  -0.0000000000000000     
  -0.0000000000000000     
  -0.0000000000000000     
  -0.0000000000000000     
  -0.0000000000000000     
  -0.0000000000000000     
  -0.0000000000000000     
  -0.0000000000000000     
  -0.0000000000000000     
  -0.0000000000000000     
  -0.0000000000000000     
  -0.0000000000000000     
  -0.0000000000000000     
  -0.0000000000000000     
  -0.0000000000000000     
  -0.0000000000000000     
  -0.0000000000000000     
  -0.0000000000000000     
  -0.0000000000000000     
  -0.0000000000000000     
  -0.0000000000000000     
  -0.0000000000000000     
  -0.0000000000000000     
  -0.0000000000000000     
  -0.0000000000000000     
  -0.0000000000000000     
  -0.0000000000000000     
  -0.0000000000000000     
  -0.0000000000000000     
  -0.0000000000000000     
  -0.0000000000000000     
  -0.0000000000000000     
  -0.0000000000000000     
  -0.0000000000000000     
  -0.0000000000000000     
  -0.0000000000000000     
  -0.0000000000000000     
  -0.0000000000000000     
  -0.0000000000000000     
  -0.0000000000000000     
  -0.0000000000000000     
  -0.0000000000000000     
  -0.0000000000000000     
  -0.0000000000000000     
  -0.0000000000000000     
  -0.0000000000000000     
  -0.0000000000000000     
  -0.0000000000000000     
  -0.0000000000000000     
  -0.0000000000000000     
  -0.0000000000000000     
  -0.0000000000000000     
  -0.0000000000000000     
  -0.0000000000000000     
  -0.0000000000000000     
  -0.0000000000000000     
  -0.0000000000000000     
  -0.0000000000000000     
  -0.0000000000000000     
  -0.0000000000000000     
  -0.0000000000000000     
  -0.0000000000000000     
  -0.0000000000000000     
  -0.0000000000000000     
  -0.0000000000000000     
  -0.0000000000000000     
  -0.0000000000000000     
  -0.0000000000000000     
  -0.0000000000000000     
  -0.0000000000000000     
  -0.0000000000000000     
  -0.0000000000000000     
  -0.0000000000000000     
  -0.0000000000000000     
  -0.0000000000000000     
  -0.0000000000000000     
  -0.0000000000000000     
  -0.0000000000000000     
  -0.0000000000000000     
  -0.0000000000000000     
  -0.0000000000000000     
  -0.0000000000000000     
  -0.0000000000000000     
  -0.0000000000000000     
  -0.0000000000000000     
  -0.0000000000000000     
   0.0000000000000000     
   0.0000000000000000     
   0.0000000000000000     
   0.0000000000000000     
   0.0000000000000000     
   0.0000000000000000     
   0.0000000000000000     
   0.0000000000000000     
   0.0000000000000000     
   0.0000000000000000     
   0.0000000000000000     
   0.0000000000000000     
   0.0000000000000000     
   0.0000000000000000     
  -0.0000000000000000     
  -0.0000000000000000     
  -0.0000000000000000     
  -0.0000000000000000     
  -0.0000000000000000     
  -0.0000000000000000     
  -0.0000000000000000     
  -0.0000000000000000     
  -0.0000000000000000     
  -0.0000000000000000     
  -0.0000000000000000     
  -0.0000000000000000     
  -0.0000000000000000     
  -0.0000000000000000     
  -0.0000000000000000     
  -0.0000000000000000     
  -0.0000000000000000     
  -0.0000000000000000     
  -0.0000000000000000     
  -0.0000000000000000     
  -0.0000000000000000     
  -0.0000000000000000     
  -0.0000000000000000     
  -0.0000000000000000     
  -0.0000000000000000     
  -0.0000000000000000     
  -0.0000000000000000     
  -0.0000000000000000     
  -0.0000000000000000     
  -0.0000000000000000     
  -0.0000000000000000     
  -2.2341697973240091E-019
  -0.0000000000000000     
  -0.0000000000000000     
   0.0000000000000000     
   0.0000000000000000     
   0.0000000000000000     
   0.0000000000000000     
   0.0000000000000000     
   0.0000000000000000     
   0.0000000000000000     
   0.0000000000000000     
   0.0000000000000000     
   0.0000000000000000     
   0.0000000000000000     
   0.0000000000000000     
   0.0000000000000000     
   0.0000000000000000     
  -0.0000000000000000     
   0.0000000000000000     
  -2.5809494492995679E-019
  -0.0000000000000000     
  -0.0000000000000000     
  -0.0000000000000000     
  -0.0000000000000000     
  -0.0000000000000000     
  -0.0000000000000000     
  -0.0000000000000000     
  -0.0000000000000000     
  -0.0000000000000000     
  -0.0000000000000000     
  -0.0000000000000000     
  -0.0000000000000000     
  -0.0000000000000000     
  -0.0000000000000000     
  -0.0000000000000000     
  -0.0000000000000000     
  -0.0000000000000000     
  -0.0000000000000000     
  -0.0000000000000000     
  -0.0000000000000000     
  -0.0000000000000000     
  -0.0000000000000000     
  -0.0000000000000000     
  -0.0000000000000000     
  -0.0000000000000000     
  -0.0000000000000000     
  -0.0000000000000000     
  -0.0000000000000000     
  -0.0000000000000000     
  -0.0000000000000000     
  -0.0000000000000000     
  -0.0000000000000000     
  -0.0000000000000000     
  -0.0000000000000000     
  -2.5809494492995679E-019
  -0.0000000000000000     
  -0.0000000000000000     
  -2.2341697464550354E-019
  -0.0000000000000000     
  -0.0000000000000000     
   0.0000000000000000     
   0.0000000000000000     
   0.0000000000000000     
   0.0000000000000000     
   0.0000000000000000     
   0.0000000000000000     
   0.0000000000000000     
   0.0000000000000000     
   0.0000000000000000     
   0.0000000000000000     
   0.0000000000000000     
   0.0000000000000000     
   0.0000000000000000     
   0.0000000000000000     
  -0.0000000000000000     
   0.0000000000000000     
  -2.1915567568244814E-019
  -0.0000000000000000     
   0.0000000000000000     
  -2.5690301823392022E-019
  -0.0000000000000000     
  -0.0000000000000000     
  -0.0000000000000000     
  -0.0000000000000000     
  -0.0000000000000000     
  -0.0000000000000000     
  -0.0000000000000000     
  -0.0000000000000000     
  -0.0000000000000000     
  -0.0000000000000000     
  -0.0000000000000000     
  -0.0000000000000000     
  -0.0000000000000000     
  -0.0000000000000000     
  -0.0000000000000000     
  -0.0000000000000000     
  -0.0000000000000000     
  -0.0000000000000000     
  -0.0000000000000000     
  -0.0000000000000000     
  -0.0000000000000000     
  -0.0000000000000000     
  -0.0000000000000000     
  -0.0000000000000000     
  -0.0000000000000000     
  -0.0000000000000000     
  -0.0000000000000000     
  -0.0000000000000000     
  -0.0000000000000000     
  -0.0000000000000000     
  -0.0000000000000000     
  -0.0000000000000000     
  -0.0000000000000000     
  -0.0000000000000000     
  -0.0000000000000000     
  -0.0000000000000000     
  -0.0000000000000000     
  -2.1915567568244814E-019
  -0.0000000000000000     
  -0.0000000000000000     
  -2.5690301823392022E-019
  -0.0000000000000000     
  -0.0000000000000000     
  -2.2341696239818121E-019
  -0.0000000000000000     
  -0.0000000000000000     
   0.0000000000000000     
   0.0000000000000000     
   0.0000000000000000     
   0.0000000000000000     
   0.0000000000000000     
   0.0000000000000000     
   0.0000000000000000     
   0.0000000000000000     
   0.0000000000000000     
   0.0000000000000000     
   0.0000000000000000     
   0.0000000000000000     
   0.0000000000000000     
   0.0000000000000000     
  -0.0000000000000000     
   0.0000000000000000     
  -1.3641868036869566E-019
  -0.0000000000000000     
   0.0000000000000000     
  -2.0080457222037704E-019
  -0.0000000000000000     
   0.0000000000000000     
  -2.5652152268897767E-019
  -0.0000000000000000     
  -0.0000000000000000     
  -0.0000000000000000     
  -0.0000000000000000     
  -0.0000000000000000     
  -0.0000000000000000     
  -0.0000000000000000     
  -0.0000000000000000     
  -0.0000000000000000     
  -0.0000000000000000     
  -0.0000000000000000     
  -0.0000000000000000     
  -0.0000000000000000     
  -0.0000000000000000     
  -0.0000000000000000     
  -0.0000000000000000     
  -0.0000000000000000     
  -0.0000000000000000     
  -0.0000000000000000     
  -0.0000000000000000     
  -0.0000000000000000     
  -0.0000000000000000     
  -0.0000000000000000     
  -0.0000000000000000     
  -0.0000000000000000     
  -0.0000000000000000     
  -0.0000000000000000     
  -0.0000000000000000     
  -0.0000000000000000     
  -0.0000000000000000     
  -0.0000000000000000     
  -0.0000000000000000     
  -0.0000000000000000     
  -0.0000000000000000     
  -0.0000000000000000     
  -0.0000000000000000     
  -0.0000000000000000     
  -0.0000000000000000     
  -0.0000000000000000     
  -0.0000000000000000     
  -1.3641868036869566E-019
  -0.0000000000000000     
  -0.0000000000000000     
  -2.0080457222037704E-019
  -0.0000000000000000     
  -0.0000000000000000     
  -2.5652152268897767E-019
  -0.0000000000000000     
  -0.0000000000000000     
  -2.2341693691745195E-019
  -0.0000000000000000     
  -0.0000000000000000     
   0.0000000000000000     
   0.0000000000000000     
   0.0000000000000000     
   0.0000000000000000     
   0.0000000000000000     
   0.0000000000000000     
   0.0000000000000000     
   0.0000000000000000     
   0.0000000000000000     
   0.0000000000000000     
   0.0000000000000000     
   0.0000000000000000     
   0.0000000000000000     
   0.0000000000000000     
  -0.0000000000000000     
   0.0000000000000000     
  -7.1277247319628387E-020
  -0.0000000000000000     
   0.0000000000000000     
  -1.2043213516013325E-019
  -0.0000000000000000     
   0.0000000000000000     
  -2.0142833031281405E-019
  -0.0000000000000000     
   0.0000000000000000     
  -2.5702705647784807E-019
  -0.0000000000000000     
  -0.0000000000000000     
  -0.0000000000000000     
  -0.0000000000000000     
  -0.0000000000000000     
  -0.0000000000000000     
  -0.0000000000000000     
  -0.0000000000000000     
  -0.0000000000000000     
  -0.0000000000000000     
  -0.0000000000000000     
  -0.0000000000000000     
  -0.0000000000000000     
  -0.0000000000000000     
  -0.0000000000000000     
  -0.0000000000000000     
  -0.0000000000000000     
  -0.0000000000000000     
  -0.0000000000000000     
  -0.0000000000000000     
  -0.0000000000000000     
  -0.0000000000000000     
  -0.0000000000000000     
  -0.0000000000000000     
  -0.0000000000000000     
  -0.0000000000000000     
  -0.0000000000000000     
  -0.0000000000000000     
  -0.0000000000000000     
  -0.0000000000000000     
  -0.0000000000000000     
  -0.0000000000000000     
  -0.0000000000000000     
  -0.0000000000000000     
  -0.0000000000000000     
  -0.0000000000000000     
  -0.0000000000000000     
  -0.0000000000000000     
  -0.0000000000000000     
  -0.0000000000000000     
  -0.0000000000000000     
  -0.0000000000000000     
  -0.0000000000000000     
  -7.1277247319628387E-020
  -0.0000000000000000     
  -0.0000000000000000     
  -1.2043213516013325E-019
  -0.0000000000000000     
  -0.0000000000000000     
  -2.0142833031281405E-019
  -0.0000000000000000     
  -0.0000000000000000     
  -2.5702705647784807E-019
  -0.0000000000000000     
  -0.0000000000000000     
  -2.2341688679660994E-019
  -0.0000000000000000     
  -0.0000000000000000     
   0.0000000000000000     
   0.0000000000000000     
   0.0000000000000000     
   0.0000000000000000     
   0.0000000000000000     
   0.0000000000000000     
   0.0000000000000000     
   0.0000000000000000     
   0.0000000000000000     
   0.0000000000000000     
   0.0000000000000000     
   0.0000000000000000     
   0.0000000000000000     
   0.0000000000000000     
  -0.0000000000000000     
   0.0000000000000000     
  -3.9684473544957845E-020
  -0.0000000000000000     
   0.0000000000000000     
  -7.1552371753242046E-020
  -0.0000000000000000     
   0.0000000000000000     
  -1.3745569977366398E-019
  -0.0000000000000000     
   0.0000000000000000     
  -2.2010723244365641E-019
  -0.0000000000000000     
   0.0000000000000000     
  -2.5806353108610744E-019
  -0.0000000000000000     
  -0.0000000000000000     
  -0.0000000000000000     
  -0.0000000000000000     
  -0.0000000000000000     
  -0.0000000000000000     
  -0.0000000000000000     
  -0.0000000000000000     
  -0.0000000000000000     
  -0.0000000000000000     
  -0.0000000000000000     
  -0.0000000000000000     
  -0.0000000000000000     
  -0.0000000000000000     
  -0.0000000000000000     
  -0.0000000000000000     
  -0.0000000000000000     
  -0.0000000000000000     
  -0.0000000000000000     
  -0.0000000000000000     
  -0.0000000000000000     
  -0.0000000000000000     
  -0.0000000000000000     
  -0.0000000000000000     
  -0.0000000000000000     
  -0.0000000000000000     
  -0.0000000000000000     
  -0.0000000000000000     
  -0.0000000000000000     
  -0.0000000000000000     
  -0.0000000000000000     
  -0.0000000000000000     
  -0.0000000000000000     
  -0.0000000000000000     
  -0.0000000000000000     
  -0.0000000000000000     
  -0.0000000000000000     
  -0.0000000000000000     
  -0.0000000000000000     
  -0.0000000000000000     
  -0.0000000000000000     
  -0.0000000000000000     
  -0.0000000000000000     
  -0.0000000000000000     
  -0.0000000000000000     
  -0.0000000000000000     
  -3.9684473544957845E-020
  -0.0000000000000000     
  -0.0000000000000000     
  -7.1552371753242046E-020
  -0.0000000000000000     
  -0.0000000000000000     
  -1.3745569977366398E-019
  -0.0000000000000000     
  -0.0000000000000000     
  -2.2010723244365641E-019
  -0.0000000000000000     
  -0.0000000000000000     
  -2.5806353108610744E-019
  -0.0000000000000000     
  -0.0000000000000000     
  -2.2341681423544322E-019
  -0.0000000000000000     
  -0.0000000000000000     
   0.0000000000000000     
   0.0000000000000000     
   0.0000000000000000     
   0.0000000000000000     
   0.0000000000000000     
   0.0000000000000000     
   0.0000000000000000     
   0.0000000000000000     
   0.0000000000000000     
   0.0000000000000000     
   0.0000000000000000     
   0.0000000000000000     
   0.0000000000000000     
   0.0000000000000000     
  -0.0000000000000000     
   0.0000000000000000     
  -1.7865853948955744E-020
  -0.0000000000000000     
   0.0000000000000000     
  -3.3784126350621653E-020
  -0.0000000000000000     
   0.0000000000000000     
  -7.2223389771404659E-020
  -0.0000000000000000     
   0.0000000000000000     
  -1.4022921896570846E-019
  -0.0000000000000000     
   0.0000000000000000     
  -2.2048377765281847E-019
  -0.0000000000000000     
   0.0000000000000000     
  -2.5710695601040259E-019
  -0.0000000000000000     
  -0.0000000000000000     
  -0.0000000000000000     
  -0.0000000000000000     
  -0.0000000000000000     
  -0.0000000000000000     
  -0.0000000000000000     
  -0.0000000000000000     
  -0.0000000000000000     
  -0.0000000000000000     
  -0.0000000000000000     
  -0.0000000000000000     
  -0.0000000000000000     
  -0.0000000000000000     
  -0.0000000000000000     
  -0.0000000000000000     
  -0.0000000000000000     
  -0.0000000000000000     
  -0.0000000000000000     
  -0.0000000000000000     
  -0.0000000000000000     
  -0.0000000000000000     
  -0.0000000000000000     
  -0.0000000000000000     
  -0.0000000000000000     
  -0.0000000000000000     
  -0.0000000000000000     
  -0.0000000000000000     
  -0.0000000000000000     
  -0.0000000000000000     
  -0.0000000000000000     
  -0.0000000000000000     
  -0.0000000000000000     
  -0.0000000000000000     
  -0.0000000000000000     
  -0.0000000000000000     
  -0.0000000000000000     
  -0.0000000000000000     
  -0.0000000000000000     
  -0.0000000000000000     
  -0.0000000000000000     
  -0.0000000000000000     
  -0.0000000000000000     
  -0.0000000000000000     
  -0.0000000000000000     
  -0.0000000000000000     
  -0.0000000000000000     
  -0.0000000000000000     
  -0.0000000000000000     
  -1.7865853948955744E-020
  -0.0000000000000000     
  -0.0000000000000000     
  -3.3784126350621653E-020
  -0.0000000000000000     
  -0.0000000000000000     
  -7.2223389771404659E-020
  -0.0000000000000000     
  -0.0000000000000000     
  -1.4022921896570846E-019
  -0.0000000000000000     
  -0.0000000000000000     
  -2.2048377765281847E-019
  -0.0000000000000000     
  -0.0000000000000000     
  -2.5710695601040259E-019
  -0.0000000000000000     
  -0.0000000000000000     
  -2.2341664179907881E-019
  -0.0000000000000000     
  -0.0000000000000000     
   0.0000000000000000     
   0.0000000000000000     
   0.0000000000000000     
   0.0000000000000000     
   0.0000000000000000     
   0.0000000000000000     
   0.0000000000000000     
   0.0000000000000000     
   0.0000000000000000     
   0.0000000000000000     
   0.0000000000000000     
   0.0000000000000000     
   0.0000000000000000     
   0.0000000000000000     
  -0.0000000000000000     
   0.0000000000000000     
  -7.7768184379407581E-021
  -0.0000000000000000     
   0.0000000000000000     
  -1.5074867679503248E-020
  -0.0000000000000000     
   0.0000000000000000     
  -3.4135490718418900E-020
  -0.0000000000000000     
   0.0000000000000000     
  -7.4050320964790736E-020
  -0.0000000000000000     
   0.0000000000000000     
  -1.4064624342272465E-019
  -0.0000000000000000     
   0.0000000000000000     
  -2.0462590049764106E-019
  -0.0000000000000000     
   0.0000000000000000     
  -2.5710669140861769E-019
  -0.0000000000000000     
  -0.0000000000000000     
  -0.0000000000000000     
  -0.0000000000000000     
  -0.0000000000000000     
  -0.0000000000000000     
  -0.0000000000000000     
  -0.0000000000000000     
  -0.0000000000000000     
  -0.0000000000000000     
  -0.0000000000000000     
  -0.0000000000000000     
  -0.0000000000000000     
  -0.0000000000000000     
  -0.0000000000000000     
  -0.0000000000000000     
  -0.0000000000000000     
  -0.0000000000000000     
  -0.0000000000000000     
  -0.0000000000000000     
  -0.0000000000000000     
  -0.0000000000000000     
  -0.0000000000000000     
  -0.0000000000000000     
  -0.0000000000000000     
  -0.0000000000000000     
  -0.0000000000000000     
  -0.0000000000000000     
  -0.0000000000000000     
  -0.0000000000000000     
  -0.0000000000000000     
  -0.0000000000000000     
  -0.0000000000000000     
  -0.0000000000000000     
  -0.0000000000000000     
  -0.0000000000000000     
  -0.0000000000000000     
  -0.0000000000000000     
  -0.0000000000000000     
  -0.0000000000000000     
  -0.0000000000000000     
  -0.0000000000000000     
  -0.0000000000000000     
  -0.0000000000000000     
  -0.0000000000000000     
  -0.0000000000000000     
  -0.0000000000000000     
  -0.0000000000000000     
  -0.0000000000000000     
  -0.0000000000000000     
  -0.0000000000000000     
  -0.0000000000000000     
  -7.7768184379407581E-021
  -0.0000000000000000     
  -0.0000000000000000     
  -1.5074867679503248E-020
  -0.0000000000000000     
  -0.0000000000000000     
  -3.4135490718418900E-020
  -0.0000000000000000     
  -0.0000000000000000     
  -7.4050320964790736E-020
  -0.0000000000000000     
  -0.0000000000000000     
  -1.4064624342272465E-019
  -0.0000000000000000     
  -0.0000000000000000     
  -2.0462590049764106E-019
  -0.0000000000000000     
  -0.0000000000000000     
  -2.5710669140861769E-019
  -0.0000000000000000     
  -0.0000000000000000     
  -2.2341629692657103E-019
  -0.0000000000000000     
  -0.0000000000000000     
   0.0000000000000000     
   0.0000000000000000     
   0.0000000000000000     
   0.0000000000000000     
   0.0000000000000000     
   0.0000000000000000     
   0.0000000000000000     
   0.0000000000000000     
   0.0000000000000000     
   0.0000000000000000     
   0.0000000000000000     
   0.0000000000000000     
   0.0000000000000000     
   0.0000000000000000     
  -0.0000000000000000     
   0.0000000000000000     
  -3.3273897325305077E-021
  -0.0000000000000000     
   0.0000000000000000     
  -6.5320068970489544E-021
  -0.0000000000000000     
   0.0000000000000000     
  -1.5239760142475776E-020
  -0.0000000000000000     
   0.0000000000000000     
  -3.5095710689410368E-020
  -0.0000000000000000     
   0.0000000000000000     
  -7.4326818503033906E-020
  -0.0000000000000000     
   0.0000000000000000     
  -1.2440111327050353E-019
  -0.0000000000000000     
   0.0000000000000000     
  -2.0462564797839568E-019
  -0.0000000000000000     
   0.0000000000000000     
  -2.5710616228831181E-019
  -0.0000000000000000     
  -0.0000000000000000     
  -0.0000000000000000     
  -0.0000000000000000     
  -0.0000000000000000     
  -0.0000000000000000     
  -0.0000000000000000     
  -0.0000000000000000     
  -0.0000000000000000     
  -0.0000000000000000     
  -0.0000000000000000     
  -0.0000000000000000     
  -0.0000000000000000     
  -0.0000000000000000     
  -0.0000000000000000     
  -0.0000000000000000     
  -0.0000000000000000     
  -0.0000000000000000     
  -0.0000000000000000     
  -0.0000000000000000     
  -0.0000000000000000     
  -0.0000000000000000     
  -0.0000000000000000     
  -0.0000000000000000     
  -0.0000000000000000     
  -0.0000000000000000     
  -0.0000000000000000     
  -0.0000000000000000     
  -0.0000000000000000     
  -0.0000000000000000     
  -0.0000000000000000     
  -0.0000000000000000     
  -0.0000000000000000     
  -0.0000000000000000     
  -0.0000000000000000     
  -0.0000000000000000     
  -0.0000000000000000     
  -0.0000000000000000     
  -0.0000000000000000     
  -0.0000000000000000     
  -0.0000000000000000     
  -0.0000000000000000     
  -0.0000000000000000     
  -0.0000000000000000     
  -0.0000000000000000     
  -0.0000000000000000     
  -0.0000000000000000     
  -0.0000000000000000     
  -0.0000000000000000     
  -0.0000000000000000     
  -0.0000000000000000     
  -0.0000000000000000     
  -0.0000000000000000     
  -0.0000000000000000     
  -0.0000000000000000     
  -3.3273897325305077E-021
  -0.0000000000000000     
  -0.0000000000000000     
  -6.5320068970489544E-021
  -0.0000000000000000     
  -0.0000000000000000     
  -1.5239760142475776E-020
  -0.0000000000000000     
  -0.0000000000000000     
  -3.5095710689410368E-020
  -0.0000000000000000     
  -0.0000000000000000     
  -7.4326818503033906E-020
  -0.0000000000000000     
  -0.0000000000000000     
  -1.2440111327050353E-019
  -0.0000000000000000     
  -0.0000000000000000     
  -2.0462564797839568E-019
  -0.0000000000000000     
  -0.0000000000000000     
  -2.5710616228831181E-019
  -0.0000000000000000     
  -0.0000000000000000     
  -2.2341560718244577E-019
  -0.0000000000000000     
  -0.0000000000000000     
   0.0000000000000000     
   0.0000000000000000     
   0.0000000000000000     
   0.0000000000000000     
   0.0000000000000000     
   0.0000000000000000     
   0.0000000000000000     
   0.0000000000000000     
   0.0000000000000000     
   0.0000000000000000     
   0.0000000000000000     
   0.0000000000000000     
   0.0000000000000000     
   0.0000000000000000     
  -0.0000000000000000     
   0.0000000000000000     
  -1.4113185095246686E-021
  -0.0000000000000000     
   0.0000000000000000     
  -2.7883154517401497E-021
  -0.0000000000000000     
   0.0000000000000000     
  -6.6052589650075993E-021
  -0.0000000000000000     
   0.0000000000000000     
  -1.5691226887980880E-020
  -0.0000000000000000     
   0.0000000000000000     
  -3.5241495970806331E-020
  -0.0000000000000000     
   0.0000000000000000     
  -6.3887998162111318E-020
  -0.0000000000000000     
   0.0000000000000000     
  -1.2440094257786704E-019
  -0.0000000000000000     
   0.0000000000000000     
  -2.0462514267943260E-019
  -0.0000000000000000     
   0.0000000000000000     
  -2.5710510391702157E-019
  -0.0000000000000000     
  -0.0000000000000000     
  -0.0000000000000000     
  -0.0000000000000000     
  -0.0000000000000000     
  -0.0000000000000000     
  -0.0000000000000000     
  -0.0000000000000000     
  -0.0000000000000000     
  -0.0000000000000000     
  -0.0000000000000000     
  -0.0000000000000000     
  -0.0000000000000000     
  -0.0000000000000000     
  -0.0000000000000000     
  -0.0000000000000000     
  -0.0000000000000000     
  -0.0000000000000000     
  -0.0000000000000000     
  -0.0000000000000000     
  -0.0000000000000000     
  -0.0000000000000000     
  -0.0000000000000000     
  -0.0000000000000000     
  -0.0000000000000000     
  -0.0000000000000000     
  -0.0000000000000000     
  -0.0000000000000000     
  -0.0000000000000000     
  -0.0000000000000000     
  -0.0000000000000000     
  -0.0000000000000000     
  -0.0000000000000000     
  -0.0000000000000000     
  -0.0000000000000000     
  -0.0000000000000000     
  -0.0000000000000000     
  -0.0000000000000000     
  -0.0000000000000000     
  -0.0000000000000000     
  -0.0000000000000000     
  -0.0000000000000000     
  -0.0000000000000000     
  -0.0000000000000000     
  -0.0000000000000000     
  -0.0000000000000000     
  -0.0000000000000000     
  -0.0000000000000000     
  -0.0000000000000000     
  -0.0000000000000000     
  -0.0000000000000000     
  -0.0000000000000000     
  -0.0000000000000000     
  -0.0000000000000000     
  -0.0000000000000000     
  -0.0000000000000000     
  -0.0000000000000000     
  -0.0000000000000000     
  -1.4113185095246686E-021
  -0.0000000000000000     
  -0.0000000000000000     
  -2.7883154517401497E-021
  -0.0000000000000000     
  -0.0000000000000000     
  -6.6052589650075993E-021
  -0.0000000000000000     
  -0.0000000000000000     
  -1.5691226887980880E-020
  -0.0000000000000000     
  -0.0000000000000000     
  -3.5241495970806331E-020
  -0.0000000000000000     
  -0.0000000000000000     
  -6.3887998162111318E-020
  -0.0000000000000000     
  -0.0000000000000000     
  -1.2440094257786704E-019
  -0.0000000000000000     
  -0.0000000000000000     
  -2.0462514267943260E-019
  -0.0000000000000000     
  -0.0000000000000000     
  -2.5710510391702157E-019
  -0.0000000000000000     
  -0.0000000000000000     
  -2.2341422769774206E-019
  -0.0000000000000000     
  -0.0000000000000000     
   0.0000000000000000     
   0.0000000000000000     
   0.0000000000000000     
   0.0000000000000000     
   0.0000000000000000     
   0.0000000000000000     
   0.0000000000000000     
   0.0000000000000000     
   0.0000000000000000     
   0.0000000000000000     
   0.0000000000000000     
   0.0000000000000000     
   0.0000000000000000     
   0.0000000000000000     
  -0.0000000000000000     
   0.0000000000000000     
  -5.9599903660645292E-022
  -0.0000000000000000     
   0.0000000000000000     
  -1.1812899657649450E-021
  -0.0000000000000000     
   0.0000000000000000     
  -2.8199745688544659E-021
  -0.0000000000000000     
   0.0000000000000000     
  -6.8060073633322046E-021
  -0.0000000000000000     
   0.0000000000000000     
  -1.5759879092466217E-020
  -0.0000000000000000     
   0.0000000000000000     
  -2.9820106266530642E-020
  -0.0000000000000000     
   0.0000000000000000     
  -6.3887905343858408E-020
  -0.0000000000000000     
   0.0000000000000000     
  -1.2440060127578998E-019
  -0.0000000000000000     
   0.0000000000000000     
  -2.0462413173560378E-019
  -0.0000000000000000     
   0.0000000000000000     
  -2.5710298724794762E-019
  -0.0000000000000000     
  -0.0000000000000000     
  -0.0000000000000000     
  -0.0000000000000000     
  -0.0000000000000000     
  -0.0000000000000000     
  -0.0000000000000000     
  -0.0000000000000000     
  -0.0000000000000000     
  -0.0000000000000000     
  -0.0000000000000000     
  -0.0000000000000000     
  -0.0000000000000000     
  -0.0000000000000000     
  -0.0000000000000000     
  -0.0000000000000000     
  -0.0000000000000000     
  -0.0000000000000000     
  -0.0000000000000000     
  -0.0000000000000000     
  -0.0000000000000000     
  -0.0000000000000000     
  -0.0000000000000000     
  -0.0000000000000000     
  -0.0000000000000000     
  -0.0000000000000000     
  -0.0000000000000000     
  -0.0000000000000000     
  -0.0000000000000000     
  -0.0000000000000000     
  -0.0000000000000000     
  -0.0000000000000000     
  -0.0000000000000000     
  -0.0000000000000000     
  -0.0000000000000000     
  -0.0000000000000000     
  -0.0000000000000000     
  -0.0000000000000000     
  -0.0000000000000000     
  -0.0000000000000000     
  -0.0000000000000000     
  -0.0000000000000000     
  -0.0000000000000000     
  -0.0000000000000000     
  -0.0000000000000000     
  -0.0000000000000000     
  -0.0000000000000000     
  -0.0000000000000000     
  -0.0000000000000000     
  -0.0000000000000000     
  -0.0000000000000000     
  -0.0000000000000000     
  -0.0000000000000000     
  -0.0000000000000000     
  -0.0000000000000000     
  -0.0000000000000000     
  -0.0000000000000000     
  -0.0000000000000000     
  -0.0000000000000000     
  -0.0000000000000000     
  -0.0000000000000000     
  -5.9599903660645292E-022
  -0.0000000000000000     
  -0.0000000000000000     
  -1.1812899657649450E-021
  -0.0000000000000000     
  -0.0000000000000000     
  -2.8199745688544659E-021
  -0.0000000000000000     
  -0.0000000000000000     
  -6.8060073633322046E-021
  -0.0000000000000000     
  -0.0000000000000000     
  -1.5759879092466217E-020
  -0.0000000000000000     
  -0.0000000000000000     
  -2.9820106266530642E-020
  -0.0000000000000000     
  -0.0000000000000000     
  -6.3887905343858408E-020
  -0.0000000000000000     
  -0.0000000000000000     
  -1.2440060127578998E-019
  -0.0000000000000000     
  -0.0000000000000000     
  -2.0462413173560378E-019
  -0.0000000000000000     
  -0.0000000000000000     
  -2.5710298724794762E-019
  -0.0000000000000000     
  -0.0000000000000000     
  -2.2341146874253070E-019
  -0.0000000000000000     
  -0.0000000000000000     
  -0.0000000000000000     
  -0.0000000000000000     
  -0.0000000000000000     
  -0.0000000000000000     
  -0.0000000000000000     
  -0.0000000000000000     
  -0.0000000000000000     
  -0.0000000000000000     
  -0.0000000000000000     
  -0.0000000000000000     
  -0.0000000000000000     
  -0.0000000000000000     
  -0.0000000000000000     
  -0.0000000000000000     
   0.0000000000000000     
  -0.0000000000000000     
  -0.0000000000000000     
   0.0000000000000000     
  -0.0000000000000000     
  -0.0000000000000000     
   0.0000000000000000     
  -0.0000000000000000     
  -0.0000000000000000     
  -0.0000000000000000     
  -0.0000000000000000     
  -0.0000000000000000     
  -0.0000000000000000     
  -0.0000000000000000     
  -0.0000000000000000     
   0.0000000000000000     
  -0.0000000000000000     
  -0.0000000000000000     
   0.0000000000000000     
  -0.0000000000000000     
  -0.0000000000000000     
   0.0000000000000000     
  -0.0000000000000000     
  -0.0000000000000000     
   0.0000000000000000     
  -0.0000000000000000     
  -0.0000000000000000     
   0.0000000000000000     
  -0.0000000000000000     
  -0.0000000000000000     
   0.0000000000000000     
  -0.0000000000000000     
  -0.0000000000000000     
  -0.0000000000000000     
  -0.0000000000000000     
  -0.0000000000000000     
  -0.0000000000000000     
  -0.0000000000000000     
  -0.0000000000000000     
  -0.0000000000000000     
  -0.0000000000000000     
  -0.0000000000000000     
  -0.0000000000000000     
  -0.0000000000000000     
  -0.0000000000000000     
  -0.0000000000000000     
  -0.0000000000000000     
  -0.0000000000000000     
  -0.0000000000000000     
  -0.0000000000000000     
  -0.0000000000000000     
  -0.0000000000000000     
  -0.0000000000000000     
  -0.0000000000000000     
  -0.0000000000000000     
  -0.0000000000000000     
  -0.0000000000000000     
  -0.0000000000000000     
  -0.0000000000000000     
  -0.0000000000000000     
  -0.0000000000000000     
  -0.0000000000000000     
  -0.0000000000000000     
  -0.0000000000000000     
  -0.0000000000000000     
  -0.0000000000000000     
  -0.0000000000000000     
  -0.0000000000000000     
  -0.0000000000000000     
  -0.0000000000000000     
  -0.0000000000000000     
  -0.0000000000000000     
  -0.0000000000000000     
  -0.0000000000000000     
  -0.0000000000000000     
  -0.0000000000000000     
  -0.0000000000000000     
  -0.0000000000000000     
  -0.0000000000000000     
  -0.0000000000000000     
  -0.0000000000000000     
  -0.0000000000000000     
  -0.0000000000000000     
  -0.0000000000000000     
  -0.0000000000000000     
  -0.0000000000000000     
  -0.0000000000000000     
  -0.0000000000000000     
  -0.0000000000000000     
  -0.0000000000000000     
  -0.0000000000000000     
  -0.0000000000000000     
  -0.0000000000000000     
  -0.0000000000000000     
  -0.0000000000000000     
  -0.0000000000000000     
  -0.0000000000000000     
  -0.0000000000000000     
  -0.0000000000000000     
  -0.0000000000000000     
  -0.0000000000000000     
  -0.0000000000000000     
  -0.0000000000000000     
  -0.0000000000000000     
  -0.0000000000000000     
  -0.0000000000000000     
  -0.0000000000000000     
  -0.0000000000000000     
  -0.0000000000000000     
  -0.0000000000000000     
  -0.0000000000000000     
  -0.0000000000000000     
  -0.0000000000000000     
  -0.0000000000000000     
  -0.0000000000000000     
  -0.0000000000000000     
  -0.0000000000000000     
  -0.0000000000000000     
  -0.0000000000000000     
  -0.0000000000000000     
  -0.0000000000000000     
  -0.0000000000000000     
  -0.0000000000000000     
  -0.0000000000000000     
  -0.0000000000000000     
  -0.0000000000000000     
  -0.0000000000000000     
  -0.0000000000000000     
  -0.0000000000000000     
  -0.0000000000000000     
  -0.0000000000000000     
  -0.0000000000000000     
  -0.0000000000000000     
   0.0000000000000000     
   0.0000000000000000     
   0.0000000000000000     
   0.0000000000000000     
   0.0000000000000000     
   0.0000000000000000     
   0.0000000000000000     
   0.0000000000000000     
   0.0000000000000000     
   0.0000000000000000     
   0.0000000000000000     
   0.0000000000000000     
   0.0000000000000000     
   0.0000000000000000     
  -0.0000000000000000     
   0.0000000000000000     
   0.0000000000000000     
  -0.0000000000000000     
   0.0000000000000000     
   0.0000000000000000     
  -0.0000000000000000     
   0.0000000000000000     
   0.0000000000000000     
  -0.0000000000000000     
   0.0000000000000000     
   0.0000000000000000     
  -0.0000000000000000     
   0.0000000000000000     
   0.0000000000000000     
  -0.0000000000000000     
   0.0000000000000000     
   0.0000000000000000     
  -0.0000000000000000     
   0.0000000000000000     
   0.0000000000000000     
  -0.0000000000000000     
   0.0000000000000000     
   0.0000000000000000     
  -0.0000000000000000     
   0.0000000000000000     
   0.0000000000000000     
  -0.0000000000000000     
   0.0000000000000000     
   0.0000000000000000     
  -0.0000000000000000     
   0.0000000000000000     
   0.0000000000000000     
  -0.0000000000000000     
   0.0000000000000000     
   0.0000000000000000     
  -0.0000000000000000     
  -1.6618236897093011E-023
  -5.3456799724011349E-023
  -2.2289917787412029E-022
  -1.0085397896358037E-021
  -4.4263202884904948E-021
  -1.8115247684777384E-020
  -6.3106056402968876E-020
  -1.5616865845947840E-019
  -2.2328215835668313E-019
  -1.6414852552862218E-019
  -6.8960249757920205E-020
  -2.0329707992759591E-020
  -5.3614350660428473E-021
  -1.7417465423051581E-021
  -0.0000000000000000     
   0.0000000000000000     
   0.0000000000000000     
  -0.0000000000000000     
   0.0000000000000000     
   0.0000000000000000     
  -0.0000000000000000     
   0.0000000000000000     
   0.0000000000000000     
  -0.0000000000000000     
   0.0000000000000000     
   0.0000000000000000     
  -0.0000000000000000     
   0.0000000000000000     
   0.0000000000000000     
  -0.0000000000000000     
   0.0000000000000000     
   0.0000000000000000     
  -0.0000000000000000     
   0.0000000000000000     
   0.0000000000000000     
  -0.0000000000000000     
   0.0000000000000000     
   0.0000000000000000     
  -0.0000000000000000     
   0.0000000000000000     
   0.0000000000000000     
  -0.0000000000000000     
   0.0000000000000000     
   0.0000000000000000     
  -0.0000000000000000     
   0.0000000000000000     
   0.0000000000000000     
  -2.5797964374233297E-019
  -1.2898984555475250E-019
  -3.8696953666425754E-019
  -0.0000000000000000     
  -0.0000000000000000     
  -0.0000000000000000     
  -0.0000000000000000     
  -0.0000000000000000     
  -0.0000000000000000     
  -0.0000000000000000     
  -0.0000000000000000     
  -0.0000000000000000     
  -0.0000000000000000     
  -0.0000000000000000     
  -0.0000000000000000     
  -0.0000000000000000     
  -0.0000000000000000     
  -0.0000000000000000     
  -0.0000000000000000     
  -0.0000000000000000     
  -0.0000000000000000     
  -0.0000000000000000     
  -0.0000000000000000     
  -0.0000000000000000     
  -0.0000000000000000     
  -0.0000000000000000     
  -0.0000000000000000     
  -0.0000000000000000     
  -0.0000000000000000     
  -0.0000000000000000     
  -0.0000000000000000     
  -0.0000000000000000     
  -0.0000000000000000     
  -0.0000000000000000     
  -0.0000000000000000     
  -0.0000000000000000     
  -0.0000000000000000     
  -0.0000000000000000     
  -0.0000000000000000     
  -0.0000000000000000     
  -0.0000000000000000     
  -0.0000000000000000     
  -0.0000000000000000     
  -0.0000000000000000     
  -0.0000000000000000     
  -0.0000000000000000     
  -0.0000000000000000     
  -0.0000000000000000     
  -0.0000000000000000     
  -0.0000000000000000     
  -0.0000000000000000     
  -0.0000000000000000     
  -0.0000000000000000     
  -0.0000000000000000     
  -0.0000000000000000     
  -2.2341696616129386E-019
  -0.0000000000000000     
  -0.0000000000000000     
  -0.0000000000000000     
  -0.0000000000000000     
  -0.0000000000000000     
  -0.0000000000000000     
  -0.0000000000000000     
  -0.0000000000000000     
  -0.0000000000000000     
  -0.0000000000000000     
  -0.0000000000000000     
  -0.0000000000000000     
  -0.0000000000000000     
  -0.0000000000000000     
  -0.0000000000000000     
  -0.0000000000000000     
   0.0000000000000000     
  -0.0000000000000000     
  -0.0000000000000000     
   0.0000000000000000     
  -0.0000000000000000     
  -0.0000000000000000     
   0.0000000000000000     
  -0.0000000000000000     
  -0.0000000000000000     
   0.0000000000000000     
  -0.0000000000000000     
  -0.0000000000000000     
  -0.0000000000000000     
  -0.0000000000000000     
  -0.0000000000000000     
  -0.0000000000000000     
  -0.0000000000000000     
  -0.0000000000000000     
   0.0000000000000000     
  -0.0000000000000000     
  -0.0000000000000000     
   0.0000000000000000     
  -0.0000000000000000     
  -0.0000000000000000     
   0.0000000000000000     
  -0.0000000000000000     
  -0.0000000000000000     
   0.0000000000000000     
  -0.0000000000000000     
  -0.0000000000000000     
   0.0000000000000000     
  -0.0000000000000000     
  -0.0000000000000000     
  -0.0000000000000000     
  -0.0000000000000000     
  -0.0000000000000000     
   0.0000000000000000     
  -6.2978135403291853E-019
  -0.0000000000000000     
  -0.0000000000000000     
  -0.0000000000000000     
  -0.0000000000000000     
  -0.0000000000000000     
  -0.0000000000000000     
  -0.0000000000000000     
  -0.0000000000000000     
  -0.0000000000000000     
  -0.0000000000000000     
  -0.0000000000000000     
  -0.0000000000000000     
  -0.0000000000000000     
  -0.0000000000000000     
  -0.0000000000000000     
  -0.0000000000000000     
  -0.0000000000000000     
  -0.0000000000000000     
  -0.0000000000000000     
  -0.0000000000000000     
  -0.0000000000000000     
  -0.0000000000000000     
  -0.0000000000000000     
  -0.0000000000000000     
  -0.0000000000000000     
  -0.0000000000000000     
  -0.0000000000000000     
  -0.0000000000000000     
  -0.0000000000000000     
  -0.0000000000000000     
  -0.0000000000000000     
  -0.0000000000000000     
  -0.0000000000000000     
  -0.0000000000000000     
  -0.0000000000000000     
  -0.0000000000000000     
  -0.0000000000000000     
  -0.0000000000000000     
  -0.0000000000000000     
  -0.0000000000000000     
  -0.0000000000000000     
  -0.0000000000000000     
  -0.0000000000000000     
  -0.0000000000000000     
  -0.0000000000000000     
  -0.0000000000000000     
  -0.0000000000000000     
  -0.0000000000000000     
  -0.0000000000000000     
  -0.0000000000000000     
  -0.0000000000000000     
  -0.0000000000000000     
  -0.0000000000000000     
  -1.3995142723470610E-019
  -0.0000000000000000     
  -0.0000000000000000     
  -0.0000000000000000     
  -0.0000000000000000     
  -0.0000000000000000     
  -0.0000000000000000     
  -0.0000000000000000     
  -0.0000000000000000     
  -0.0000000000000000     
  -0.0000000000000000     
  -0.0000000000000000     
  -0.0000000000000000     
  -0.0000000000000000     
  -0.0000000000000000     
  -0.0000000000000000     
  -0.0000000000000000     
  -0.0000000000000000     
  -0.0000000000000000     
  -0.0000000000000000     
  -0.0000000000000000     
  -0.0000000000000000     
  -0.0000000000000000     
  -0.0000000000000000     
  -0.0000000000000000     
  -0.0000000000000000     
  -0.0000000000000000     
  -0.0000000000000000     
  -0.0000000000000000     
  -0.0000000000000000     
  -0.0000000000000000     
  -0.0000000000000000     
  -0.0000000000000000     
  -0.0000000000000000     
  -0.0000000000000000     
  -0.0000000000000000     
  -0.0000000000000000     
  -0.0000000000000000     
  -0.0000000000000000     
  -0.0000000000000000     
  -0.0000000000000000     
  -0.0000000000000000     
  -0.0000000000000000     
  -0.0000000000000000     
  -0.0000000000000000     
  -0.0000000000000000     
  -0.0000000000000000     
  -0.0000000000000000     
  -0.0000000000000000     
  -0.0000000000000000     
  -0.0000000000000000     
  -0.0000000000000000     
  -0.0000000000000000     
  -0.0000000000000000     
  -0.0000000000000000     
  -4.1985428170411835E-019
  -0.0000000000000000     
  -0.0000000000000000     
  -0.0000000000000000     
  -0.0000000000000000     
   0.0000000000000000     
   0.0000000000000000     
   0.0000000000000000     
   0.0000000000000000     
   0.0000000000000000     
   0.0000000000000000     
   0.0000000000000000     
   0.0000000000000000     
   0.0000000000000000     
   0.0000000000000000     
   0.0000000000000000     
   0.0000000000000000     
   0.0000000000000000     
   0.0000000000000000     
  -0.0000000000000000     
   0.0000000000000000     
   0.0000000000000000     
  -0.0000000000000000     
   0.0000000000000000     
   0.0000000000000000     
  -0.0000000000000000     
   0.0000000000000000     
   0.0000000000000000     
  -0.0000000000000000     
   0.0000000000000000     
   0.0000000000000000     
  -0.0000000000000000     
   0.0000000000000000     
   0.0000000000000000     
  -0.0000000000000000     
   0.0000000000000000     
   0.0000000000000000     
  -0.0000000000000000     
   0.0000000000000000     
   0.0000000000000000     
  -0.0000000000000000     
   0.0000000000000000     
   0.0000000000000000     
  -0.0000000000000000     
   0.0000000000000000     
   0.0000000000000000     
  -0.0000000000000000     
   0.0000000000000000     
   0.0000000000000000     
  -0.0000000000000000     
   0.0000000000000000     
   0.0000000000000000     
  -0.0000000000000000     
   0.0000000000000000     
   0.0000000000000000     
  -0.0000000000000000     
  -0.0000000000000000     
  -2.4240298256228967E-019
  -0.0000000000000000     
   0.0000000000000000     
   0.0000000000000000     
  -0.0000000000000000     
  -4.9501070705174464E-024
  -1.5952360216151806E-023
  -6.6833131430671287E-023
  -3.0598313494602899E-022
  -1.3809001543428397E-021
  -6.0298813887511979E-021
  -2.4249897212861237E-020
  -7.9504890000817948E-020
  -1.7781040285180495E-019
  -2.2097307989693267E-019
  -1.4209121096293707E-019
  -5.4281686040192702E-020
  -1.6227728548748083E-020
  -5.5446297689632215E-021
  -0.0000000000000000     
   0.0000000000000000     
   0.0000000000000000     
  -0.0000000000000000     
   0.0000000000000000     
   0.0000000000000000     
  -0.0000000000000000     
   0.0000000000000000     
   0.0000000000000000     
  -0.0000000000000000     
   0.0000000000000000     
   0.0000000000000000     
  -0.0000000000000000     
   0.0000000000000000     
   0.0000000000000000     
  -0.0000000000000000     
   0.0000000000000000     
   0.0000000000000000     
  -0.0000000000000000     
   0.0000000000000000     
   0.0000000000000000     
  -0.0000000000000000     
   0.0000000000000000     
   0.0000000000000000     
  -0.0000000000000000     
   0.0000000000000000     
   0.0000000000000000     
  -0.0000000000000000     
   0.0000000000000000     
   0.0000000000000000     
  -0.0000000000000000     
   0.0000000000000000     
   0.0000000000000000     
  -4.1985421318085929E-019
  -1.3995142723470608E-019
  -4.1985428170411830E-019
  -0.0000000000000000     
  -0.0000000000000000     
   0.0000000000000000     
  -2.5797957269157980E-019
  -1.2898983371295966E-019
  -3.8696950113887898E-019
  -0.0000000000000000     
  -0.0000000000000000     
  -0.0000000000000000     
  -0.0000000000000000     
  -0.0000000000000000     
  -0.0000000000000000     
  -0.0000000000000000     
  -0.0000000000000000     
  -0.0000000000000000     
  -0.0000000000000000     
  -0.0000000000000000     
  -0.0000000000000000     
  -0.0000000000000000     
  -0.0000000000000000     
  -0.0000000000000000     
  -0.0000000000000000     
  -0.0000000000000000     
  -0.0000000000000000     
  -0.0000000000000000     
  -0.0000000000000000     
  -0.0000000000000000     
  -0.0000000000000000     
  -0.0000000000000000     
  -0.0000000000000000     
  -0.0000000000000000     
  -0.0000000000000000     
  -0.0000000000000000     
  -0.0000000000000000     
  -0.0000000000000000     
  -0.0000000000000000     
  -0.0000000000000000     
  -0.0000000000000000     
  -0.0000000000000000     
  -0.0000000000000000     
  -0.0000000000000000     
  -0.0000000000000000     
  -0.0000000000000000     
  -0.0000000000000000     
  -0.0000000000000000     
  -0.0000000000000000     
  -0.0000000000000000     
  -0.0000000000000000     
  -0.0000000000000000     
  -0.0000000000000000     
  -0.0000000000000000     
  -0.0000000000000000     
  -0.0000000000000000     
  -0.0000000000000000     
  -0.0000000000000000     
  -0.0000000000000000     
  -0.0000000000000000     
  -0.0000000000000000     
  -2.4240298256228967E-019
  -0.0000000000000000     
  -0.0000000000000000     
  -0.0000000000000000     
  -0.0000000000000000     
  -0.0000000000000000     
  -2.2341694565070704E-019
  -0.0000000000000000     
  -0.0000000000000000     
   0.0000000000000000     
   0.0000000000000000     
   0.0000000000000000     
   0.0000000000000000     
   0.0000000000000000     
   0.0000000000000000     
   0.0000000000000000     
   0.0000000000000000     
   0.0000000000000000     
   0.0000000000000000     
   0.0000000000000000     
   0.0000000000000000     
   0.0000000000000000     
   0.0000000000000000     
  -0.0000000000000000     
   0.0000000000000000     
  -2.3855465689194511E-019
  -0.0000000000000000     
   0.0000000000000000     
  -3.3176622319742783E-019
  -0.0000000000000000     
   0.0000000000000000     
  -3.1254561867466288E-019
  -0.0000000000000000     
   0.0000000000000000     
  -1.7177247371983117E-019
  -0.0000000000000000     
   0.0000000000000000     
  -6.4028803014505375E-020
  -0.0000000000000000     
   0.0000000000000000     
  -2.4469247496312146E-020
  -0.0000000000000000     
   0.0000000000000000     
  -6.2408311122337147E-021
  -0.0000000000000000     
   0.0000000000000000     
  -1.4497277372379911E-021
  -0.0000000000000000     
   0.0000000000000000     
  -3.2063868147706029E-022
  -0.0000000000000000     
   0.0000000000000000     
  -6.9153772312753742E-023
  -0.0000000000000000     
   0.0000000000000000     
  -1.4725868498693859E-023
   0.0000000000000000     
   0.0000000000000000     
   0.0000000000000000     
  -0.0000000000000000     
  -0.0000000000000000     
   0.0000000000000000     
  -0.0000000000000000     
   0.0000000000000000     
   0.0000000000000000     
  -0.0000000000000000     
  -0.0000000000000000     
   0.0000000000000000     
  -0.0000000000000000     
  -0.0000000000000000     
  -0.0000000000000000     
  -0.0000000000000000     
  -0.0000000000000000     
  -0.0000000000000000     
  -0.0000000000000000     
  -0.0000000000000000     
  -0.0000000000000000     
  -0.0000000000000000     
  -0.0000000000000000     
  -0.0000000000000000     
  -0.0000000000000000     
  -0.0000000000000000     
  -0.0000000000000000     
  -0.0000000000000000     
  -0.0000000000000000     
  -0.0000000000000000     
  -0.0000000000000000     
  -0.0000000000000000     
  -0.0000000000000000     
  -0.0000000000000000     
  -0.0000000000000000     
  -0.0000000000000000     
  -0.0000000000000000     
  -0.0000000000000000     
  -0.0000000000000000     
  -0.0000000000000000     
  -0.0000000000000000     
  -0.0000000000000000     
  -0.0000000000000000     
  -0.0000000000000000     
  -0.0000000000000000     
  -0.0000000000000000     
  -0.0000000000000000     
  -0.0000000000000000     
  -0.0000000000000000     
  -0.0000000000000000     
  -0.0000000000000000     
  -0.0000000000000000     
  -0.0000000000000000     
  -0.0000000000000000     
  -0.0000000000000000     
  -0.0000000000000000     
  -0.0000000000000000     
  -0.0000000000000000     
  -0.0000000000000000     
  -0.0000000000000000     
  -0.0000000000000000     
  -0.0000000000000000     
  -0.0000000000000000     
  -0.0000000000000000     
  -0.0000000000000000     
  -0.0000000000000000     
  -0.0000000000000000     
  -0.0000000000000000     
  -0.0000000000000000     
  -0.0000000000000000     
  -0.0000000000000000     
  -0.0000000000000000     
   0.0000000000000000     
  -0.0000000000000000     
  -0.0000000000000000     
  -0.0000000000000000     
  -0.0000000000000000     
  -0.0000000000000000     
  -0.0000000000000000     
  -0.0000000000000000     
  -0.0000000000000000     
  -0.0000000000000000     
  -0.0000000000000000     
  -0.0000000000000000     
  -0.0000000000000000     
  -0.0000000000000000     
  -0.0000000000000000     
  -0.0000000000000000     
  -1.1927733188024210E-019
  -0.0000000000000000     
  -0.0000000000000000     
  -1.6588311836444397E-019
  -0.0000000000000000     
  -0.0000000000000000     
  -1.5627281827320003E-019
  -0.0000000000000000     
  -0.0000000000000000     
  -8.5886243015311296E-020
  -0.0000000000000000     
  -0.0000000000000000     
  -3.2014404117918785E-020
  -0.0000000000000000     
  -0.0000000000000000     
  -1.2234624806794672E-020
  -0.0000000000000000     
  -0.0000000000000000     
  -3.1204158379698974E-021
  -0.0000000000000000     
  -0.0000000000000000     
  -7.2486393556160444E-022
  -0.0000000000000000     
  -0.0000000000000000     
  -1.6031935571230933E-022
  -0.0000000000000000     
  -0.0000000000000000     
  -3.4576889404271506E-023
  -0.0000000000000000     
  -0.0000000000000000     
  -7.3629349429444575E-024
  -0.0000000000000000     
  -0.0000000000000000     
  -0.0000000000000000     
  -0.0000000000000000     
  -0.0000000000000000     
  -0.0000000000000000     
  -0.0000000000000000     
  -0.0000000000000000     
  -0.0000000000000000     
  -0.0000000000000000     
  -0.0000000000000000     
  -0.0000000000000000     
  -0.0000000000000000     
  -0.0000000000000000     
   1.2663917889357151E-026
  -0.0000000000000000     
  -0.0000000000000000     
  -0.0000000000000000     
  -0.0000000000000000     
  -0.0000000000000000     
  -0.0000000000000000     
  -0.0000000000000000     
  -0.0000000000000000     
  -0.0000000000000000     
  -0.0000000000000000     
  -0.0000000000000000     
  -0.0000000000000000     
  -0.0000000000000000     
  -0.0000000000000000     
  -0.0000000000000000     
  -0.0000000000000000     
   0.0000000000000000     
  -0.0000000000000000     
  -0.0000000000000000     
   0.0000000000000000     
  -0.0000000000000000     
  -0.0000000000000000     
   0.0000000000000000     
  -0.0000000000000000     
  -0.0000000000000000     
  -0.0000000000000000     
  -0.0000000000000000     
  -0.0000000000000000     
   0.0000000000000000     
  -0.0000000000000000     
  -0.0000000000000000     
   0.0000000000000000     
  -0.0000000000000000     
  -0.0000000000000000     
   0.0000000000000000     
  -0.0000000000000000     
  -0.0000000000000000     
   0.0000000000000000     
  -0.0000000000000000     
  -0.0000000000000000     
   0.0000000000000000     
  -0.0000000000000000     
  -0.0000000000000000     
   0.0000000000000000     
  -0.0000000000000000     
  -0.0000000000000000     
   0.0000000000000000     
  -0.0000000000000000     
  -0.0000000000000000     
  -0.0000000000000000     
  -0.0000000000000000     
  -0.0000000000000000     
   0.0000000000000000     
   0.0000000000000000     
  -0.0000000000000000     
  -0.0000000000000000     
  -0.0000000000000000     
  -0.0000000000000000     
  -0.0000000000000000     
  -0.0000000000000000     
  -0.0000000000000000     
  -0.0000000000000000     
  -0.0000000000000000     
  -0.0000000000000000     
  -0.0000000000000000     
  -0.0000000000000000     
  -0.0000000000000000     
  -0.0000000000000000     
  -0.0000000000000000     
  -0.0000000000000000     
  -0.0000000000000000     
  -0.0000000000000000     
  -0.0000000000000000     
  -0.0000000000000000     
  -0.0000000000000000     
  -0.0000000000000000     
  -0.0000000000000000     
  -0.0000000000000000     
  -0.0000000000000000     
  -4.0554675540294934E-019
  -0.0000000000000000     
  -0.0000000000000000     
  -5.2427588072065876E-019
  -0.0000000000000000     
  -0.0000000000000000     
  -4.0378465373439374E-019
  -0.0000000000000000     
  -0.0000000000000000     
  -1.1887306165607378E-019
  -0.0000000000000000     
  -0.0000000000000000     
   3.1242256286694330E-020
  -0.0000000000000000     
  -0.0000000000000000     
   5.3739965441945288E-020
  -0.0000000000000000     
  -0.0000000000000000     
   3.9041636890679101E-020
  -0.0000000000000000     
  -0.0000000000000000     
   2.0839935829648863E-020
  -0.0000000000000000     
  -0.0000000000000000     
   9.8158810434566308E-021
  -0.0000000000000000     
  -0.0000000000000000     
   4.3629422459896358E-021
  -0.0000000000000000     
  -0.0000000000000000     
   1.8855632193671797E-021
  -0.0000000000000000     
  -0.0000000000000000     
  -0.0000000000000000     
  -0.0000000000000000     
  -0.0000000000000000     
   0.0000000000000000     
   0.0000000000000000     
  -0.0000000000000000     
  -0.0000000000000000     
  -0.0000000000000000     
  -0.0000000000000000     
  -0.0000000000000000     
  -0.0000000000000000     
  -0.0000000000000000     
  -2.9974523552571562E-019
  -0.0000000000000000     
  -0.0000000000000000     
  -0.0000000000000000     
  -0.0000000000000000     
   0.0000000000000000     
   0.0000000000000000     
   0.0000000000000000     
   0.0000000000000000     
   0.0000000000000000     
   0.0000000000000000     
   0.0000000000000000     
   0.0000000000000000     
   0.0000000000000000     
   0.0000000000000000     
   0.0000000000000000     
   0.0000000000000000     
   0.0000000000000000     
   0.0000000000000000     
  -0.0000000000000000     
   0.0000000000000000     
  -8.8904074086341383E-020
  -0.0000000000000000     
   0.0000000000000000     
  -1.2364197632751345E-019
  -0.0000000000000000     
   0.0000000000000000     
  -1.1647888156478215E-019
  -0.0000000000000000     
   0.0000000000000000     
  -6.4015825904767516E-020
  -0.0000000000000000     
   0.0000000000000000     
  -2.3862127955605197E-020
  -0.0000000000000000     
   0.0000000000000000     
  -9.1191509157327037E-021
  -0.0000000000000000     
   0.0000000000000000     
  -2.3258206439225529E-021
  -0.0000000000000000     
   0.0000000000000000     
  -5.4028167811792482E-022
  -0.0000000000000000     
   0.0000000000000000     
  -1.1949499249389764E-022
  -0.0000000000000000     
   0.0000000000000000     
  -2.5772091719481098E-023
  -0.0000000000000000     
   0.0000000000000000     
  -5.4880076821107794E-024
  -0.0000000000000000     
   0.0000000000000000     
   0.0000000000000000     
  -0.0000000000000000     
  -0.0000000000000000     
   0.0000000000000000     
   0.0000000000000000     
   0.0000000000000000     
   0.0000000000000000     
  -0.0000000000000000     
  -0.0000000000000000     
   0.0000000000000000     
  -0.0000000000000000     
   0.0000000000000000     
  -9.9915106825952800E-020
  -0.0000000000000000     
  -1.4894462612145934E-019
  -0.0000000000000000     
  -0.0000000000000000     
  -0.0000000000000000     
  -0.0000000000000000     
  -0.0000000000000000     
  -0.0000000000000000     
  -0.0000000000000000     
  -0.0000000000000000     
  -0.0000000000000000     
  -0.0000000000000000     
  -0.0000000000000000     
  -0.0000000000000000     
  -0.0000000000000000     
  -0.0000000000000000     
  -0.0000000000000000     
  -8.8904074086341383E-020
  -0.0000000000000000     
  -0.0000000000000000     
  -1.2364197632751345E-019
  -0.0000000000000000     
  -0.0000000000000000     
  -1.1647888156478215E-019
  -0.0000000000000000     
  -0.0000000000000000     
  -6.4015825904767516E-020
  -0.0000000000000000     
  -0.0000000000000000     
  -2.3862127955605197E-020
  -0.0000000000000000     
  -0.0000000000000000     
  -9.1191509157327037E-021
  -0.0000000000000000     
  -0.0000000000000000     
  -2.3258206439225529E-021
  -0.0000000000000000     
  -0.0000000000000000     
  -5.4028167811792482E-022
  -0.0000000000000000     
  -0.0000000000000000     
  -1.1949499249389764E-022
  -0.0000000000000000     
  -0.0000000000000000     
  -2.5772091719481098E-023
  -0.0000000000000000     
  -0.0000000000000000     
  -5.4880076821107794E-024
  -0.0000000000000000     
  -0.0000000000000000     
  -0.0000000000000000     
  -0.0000000000000000     
  -0.0000000000000000     
  -0.0000000000000000     
  -0.0000000000000000     
  -0.0000000000000000     
  -0.0000000000000000     
  -0.0000000000000000     
  -0.0000000000000000     
  -0.0000000000000000     
  -0.0000000000000000     
  -0.0000000000000000     
   9.4391270873594148E-027
  -0.0000000000000000     
  -0.0000000000000000     
  -0.0000000000000000     
  -0.0000000000000000     
  -2.2341697084198372E-019
  -0.0000000000000000     
   0.0000000000000000     
   0.0000000000000000     
   0.0000000000000000     
   0.0000000000000000     
   0.0000000000000000     
   0.0000000000000000     
   0.0000000000000000     
   0.0000000000000000     
   0.0000000000000000     
   0.0000000000000000     
   0.0000000000000000     
   0.0000000000000000     
   0.0000000000000000     
   0.0000000000000000     
  -0.0000000000000000     
   0.0000000000000000     
  -2.6671222225902409E-019
  -0.0000000000000000     
   0.0000000000000000     
  -3.7092592898254033E-019
  -0.0000000000000000     
   0.0000000000000000     
  -3.4943664469434649E-019
  -0.0000000000000000     
   0.0000000000000000     
  -1.9204747771430256E-019
  -0.0000000000000000     
   0.0000000000000000     
  -7.1586383866815594E-020
  -0.0000000000000000     
   0.0000000000000000     
  -2.7357452747198113E-020
  -0.0000000000000000     
   0.0000000000000000     
  -6.9774619317676584E-021
  -0.0000000000000000     
   0.0000000000000000     
  -1.6208450343537747E-021
  -0.0000000000000000     
   0.0000000000000000     
  -3.5848497748169287E-022
  -0.0000000000000000     
   0.0000000000000000     
  -7.7316275158443280E-023
  -0.0000000000000000     
   0.0000000000000000     
  -1.6464023046332336E-023
  -0.0000000000000000     
   0.0000000000000000     
   0.0000000000000000     
  -0.0000000000000000     
  -0.0000000000000000     
   0.0000000000000000     
   0.0000000000000000     
   0.0000000000000000     
   0.0000000000000000     
  -0.0000000000000000     
  -0.0000000000000000     
   0.0000000000000000     
  -0.0000000000000000     
   0.0000000000000000     
  -4.9957553412976416E-019
  -0.0000000000000000     
  -4.4683387836437797E-019
  -0.0000000000000000     
  -2.2341697084198367E-019
  -0.0000000000000000     
  -0.0000000000000000     
  -0.0000000000000000     
  -0.0000000000000000     
  -0.0000000000000000     
  -0.0000000000000000     
  -0.0000000000000000     
  -0.0000000000000000     
  -0.0000000000000000     
  -0.0000000000000000     
  -0.0000000000000000     
  -0.0000000000000000     
  -0.0000000000000000     
  -0.0000000000000000     
  -0.0000000000000000     
  -0.0000000000000000     
  -0.0000000000000000     
  -0.0000000000000000     
  -0.0000000000000000     
  -0.0000000000000000     
  -0.0000000000000000     
  -0.0000000000000000     
  -0.0000000000000000     
  -0.0000000000000000     
  -0.0000000000000000     
  -0.0000000000000000     
  -0.0000000000000000     
  -0.0000000000000000     
  -0.0000000000000000     
  -0.0000000000000000     
  -0.0000000000000000     
  -0.0000000000000000     
  -0.0000000000000000     
  -0.0000000000000000     
  -0.0000000000000000     
  -0.0000000000000000     
  -0.0000000000000000     
  -0.0000000000000000     
  -0.0000000000000000     
  -0.0000000000000000     
  -0.0000000000000000     
  -0.0000000000000000     
  -0.0000000000000000     
  -0.0000000000000000     
  -0.0000000000000000     
  -0.0000000000000000     
  -0.0000000000000000     
  -0.0000000000000000     
  -0.0000000000000000     
  -0.0000000000000000     
  -0.0000000000000000     
  -0.0000000000000000     
  -0.0000000000000000     
  -0.0000000000000000     
  -0.0000000000000000     
  -0.0000000000000000     
  -0.0000000000000000     
  -0.0000000000000000     
  -0.0000000000000000     
  -0.0000000000000000     
   0.0000000000000000     
  -0.0000000000000000     
  -0.0000000000000000     
  -0.0000000000000000     
  -0.0000000000000000     
  -0.0000000000000000     
  -0.0000000000000000     
  -0.0000000000000000     
  -0.0000000000000000     
   0.0000000000000000     
   0.0000000000000000     
   0.0000000000000000     
   0.0000000000000000     
   0.0000000000000000     
   0.0000000000000000     
   0.0000000000000000     
   0.0000000000000000     
   0.0000000000000000     
   0.0000000000000000     
   0.0000000000000000     
   0.0000000000000000     
   0.0000000000000000     
   0.0000000000000000     
  -0.0000000000000000     
  -1.5398637331741089E-019
   0.0000000000000000     
  -0.0000000000000000     
  -2.1415418494748173E-019
   0.0000000000000000     
  -0.0000000000000000     
  -2.0174734087900056E-019
   0.0000000000000000     
  -0.0000000000000000     
  -1.1087866295554124E-019
   0.0000000000000000     
  -0.0000000000000000     
  -4.1330417995817865E-020
   0.0000000000000000     
  -0.0000000000000000     
  -1.5794832707937299E-020
   0.0000000000000000     
  -0.0000000000000000     
  -4.0284395245664246E-021
   0.0000000000000000     
  -0.0000000000000000     
  -9.3579531689882002E-022
   0.0000000000000000     
  -0.0000000000000000     
  -2.0697139824949236E-022
   0.0000000000000000     
  -0.0000000000000000     
  -4.4638572275466422E-023
   0.0000000000000000     
  -0.0000000000000000     
  -9.5055081377441814E-024
   0.0000000000000000     
  -0.0000000000000000     
   0.0000000000000000     
   0.0000000000000000     
  -0.0000000000000000     
  -0.0000000000000000     
   0.0000000000000000     
   0.0000000000000000     
   0.0000000000000000     
   0.0000000000000000     
  -0.0000000000000000     
  -0.0000000000000000     
   0.0000000000000000     
  -0.0000000000000000     
  -1.7305804146622223E-019
   0.0000000000000000     
  -2.5797965995671820E-019
  -0.0000000000000000     
  -0.0000000000000000     
   0.0000000000000000     
  -0.0000000000000000     
  -3.8696954477145021E-019
  -0.0000000000000000     
